Node 
P11             P12             P21             P22             
0
5.89875e+08 2.04269e+08 1.27294e+08 257957613.600539 
1
4.02761e+08 6.09591e+07 4.50785e+07 34178405.730746 
2
2.75322e+08 2.27125e+07 1.32132e+07 22024999.530091 
3
2.1369e+08 1.6143e+07 1.18953e+07 8954200.040404 
4
1.76392e+08 1.18721e+07 1.00383e+07 6854968.370138 
5
1.47467e+08 9.47345e+06 8.98573e+06 4958250.996019 
6
1.24549e+08 7.6669e+06 7.8721e+06 3711912.197869 
7
1.06007e+08 6.26108e+06 6.76331e+06 2704237.245674 
8
9.09989e+07 5.10163e+06 5.69196e+06 1895189.540643 
9
7.88823e+07 4.13491e+06 4.70176e+06 1239397.639640 
10
6.91488e+07 3.32495e+06 3.81508e+06 709663.435422 
11
6.13868e+07 2.65182e+06 3.0384e+06 283169.202964 
12
5.52533e+07 2.08103e+06 2.36452e+06 -61921.214890 
13
5.04638e+07 1.59846e+06 1.77535e+06 -344812.889563 
14
4.68094e+07 1.16872e+06 1.24282e+06 -580584.941240 
15
4.41598e+07 743571 720130 -781368.423239 
16
4.25599e+07 264200 133899 -899150.072513 
17
4.22959e+07 -504892 -769195 -927822.276210 
18
4.5832e+07 -1.73941e+06 -2.2183e+06 728384.868553 
19
5.74738e+07 -8.05715e+06 -9.0592e+06 3097293.065573 
20
8.00543e+07 -2.03223e+07 -2.21279e+07 36054084.739652 
21
2.74938e+08 1.44833e+08 9.37582e+07 133019201.000069 
22
2.32781e+08 7.18201e+07 5.51076e+07 12015067.439571 
23
2.28277e+08 4.91871e+07 3.99466e+07 15135290.720464 
24
1.87279e+08 3.38759e+07 2.90324e+07 7737061.959349 
25
1.57133e+08 2.61621e+07 2.38598e+07 5275269.660468 
26
1.33665e+08 2.09047e+07 2.00157e+07 4114417.909617 
27
1.14964e+08 1.70339e+07 1.68948e+07 3487693.110496 
28
9.98303e+07 1.39339e+07 1.41766e+07 3035422.269727 
29
8.75071e+07 1.13699e+07 1.17806e+07 2648381.169546 
30
7.7485e+07 9.2385e+06 9.67701e+06 2298749.759370 
31
6.9385e+07 7.43883e+06 7.84749e+06 1979524.800259 
32
6.28924e+07 5.92794e+06 6.26685e+06 1699545.339378 
33
5.77685e+07 4.64837e+06 4.90129e+06 1467629.238564 
34
5.38354e+07 3.54367e+06 3.7051e+06 1298791.496218 
35
5.09753e+07 2.55286e+06 2.61472e+06 1216088.763217 
36
4.91574e+07 1.57892e+06 1.53656e+06 1262600.015172 
37
4.84855e+07 462229 304413 1539313.169022 
38
4.92054e+07 -1.06013e+06 -1.36784e+06 2257620.800199 
39
5.15996e+07 -3.84467e+06 -4.37508e+06 4021744.401641 
40
4.96186e+07 -7.87958e+06 -8.52623e+06 5232406.309096 
41
5.46222e+07 -1.31684e+07 -1.39485e+07 24606694.050095 
42
1.54132e+08 1.06175e+08 7.61411e+07 81065108.999334 
43
1.46636e+08 8.64988e+07 6.81166e+07 43904964.560446 
44
1.48034e+08 7.1575e+07 6.18573e+07 16779908.200592 
45
1.41958e+08 5.70236e+07 5.11891e+07 12509840.559572 
46
1.2677e+08 4.5608e+07 4.22936e+07 9551976.260070 
47
1.12259e+08 3.71794e+07 3.54346e+07 8034583.199629 
48
9.95502e+07 3.05723e+07 2.97228e+07 7024051.639994 
49
8.87955e+07 2.51396e+07 2.48363e+07 6202915.409795 
50
7.9826e+07 2.06196e+07 2.06006e+07 5464122.499312 
51
7.24137e+07 1.67923e+07 1.69234e+07 4770162.989610 
52
6.63527e+07 1.35595e+07 1.37397e+07 4134208.600067 
53
6.14614e+07 1.08074e+07 1.09872e+07 3570699.950694 
54
5.76147e+07 8.46114e+06 8.59981e+06 3109427.195367 
55
5.46789e+07 6.40338e+06 6.48854e+06 2770377.220163 
56
5.25954e+07 4.53278e+06 4.54847e+06 2599836.767939 
57
5.13081e+07 2.69647e+06 2.63085e+06 2665737.222524 
58
5.07546e+07 692507 529969 3099962.794774 
59
5.07015e+07 -1.8071e+06 -2.07789e+06 4181648.371361 
60
4.98339e+07 -4.92529e+06 -5.30009e+06 6213529.075147 
61
4.86299e+07 -8.13769e+06 -8.57131e+06 12424152.740307 
62
5.08477e+07 -9.45967e+06 -9.97327e+06 22907647.225246 
63
7.84983e+07 7.98278e+07 6.47727e+07 46688592.280106 
64
8.38227e+07 7.46963e+07 6.24069e+07 42039181.599667 
65
9.13589e+07 7.38716e+07 6.57859e+07 27700530.299862 
66
9.4095e+07 6.53933e+07 6.02021e+07 19292806.800110 
67
9.18785e+07 5.57367e+07 5.24092e+07 15965967.690073 
68
8.63927e+07 4.68234e+07 4.48193e+07 13818493.229256 
69
8.02807e+07 3.91781e+07 3.79943e+07 12258609.979751 
70
7.44466e+07 3.25609e+07 3.19293e+07 10888167.829737 
71
6.9263e+07 2.68697e+07 2.65876e+07 9609923.250242 
72
6.48134e+07 2.19971e+07 2.19073e+07 8412137.309287 
73
6.10886e+07 1.78097e+07 1.78268e+07 7307785.769711 
74
5.80523e+07 1.42265e+07 1.42767e+07 6340116.879586 
75
5.564e+07 1.11231e+07 1.11684e+07 5540865.689739 
76
5.38038e+07 8.37931e+06 8.40191e+06 4954633.575288 
77
5.24903e+07 5.88453e+06 5.85461e+06 4649534.954691 
78
5.16105e+07 3.46628e+06 3.38305e+06 4710542.430239 
79
5.10107e+07 977606 828703 5321610.430275 
80
5.03116e+07 -1.66833e+06 -1.88901e+06 6758880.203379 
81
4.93013e+07 -4.3134e+06 -4.59027e+06 9846603.730294 
82
4.79556e+07 -6.20958e+06 -6.53003e+06 14920125.707838 
83
4.90619e+07 -6.95008e+06 -7.31404e+06 22100467.984078 
84
2.79237e+07 6.05093e+07 5.51497e+07 22085200.780710 
85
3.73519e+07 6.13682e+07 5.50501e+07 32588463.599711 
86
4.7206e+07 6.62644e+07 6.10811e+07 30038991.500524 
87
5.46208e+07 6.37188e+07 5.98289e+07 25775583.840336 
88
5.88086e+07 5.73945e+07 5.4662e+07 22557334.959396 
89
6.02004e+07 4.99667e+07 4.81287e+07 20258139.190158 
90
5.98268e+07 4.27023e+07 4.14795e+07 18261996.500273 
91
5.86626e+07 3.5951e+07 3.52223e+07 16346661.269628 
92
5.7214e+07 2.99519e+07 2.95233e+07 14506100.539559 
93
5.57669e+07 2.46792e+07 2.44383e+07 12749636.179317 
94
5.44462e+07 2.00519e+07 1.99486e+07 11110197.699335 
95
5.3313e+07 1.60496e+07 1.60021e+07 9674312.399371 
96
5.23899e+07 1.25493e+07 1.25225e+07 8487018.629161 
97
5.16703e+07 9.43712e+06 9.41277e+06 7605046.719669 
98
5.11256e+07 6.61575e+06 6.56543e+06 7120195.389771 
99
5.06799e+07 3.96022e+06 3.87162e+06 7134400.369750 
100
5.01927e+07 1.39174e+06 1.26093e+06 7813339.075946 
101
4.9521e+07 -1.05847e+06 -1.23137e+06 9434493.689438 
102
4.85511e+07 -3.1547e+06 -3.36545e+06 12254550.780989 
103
4.73006e+07 -4.54466e+06 -4.77798e+06 16188305.885155 
104
4.80864e+07 -5.04115e+06 -5.3016e+06 21646913.159272 
105
-8.11202e+06 4.56615e+07 4.6084e+07 3550037.968519 
106
3.12249e+06 4.87789e+07 4.67124e+07 22721695.919584 
107
1.34151e+07 5.57606e+07 5.32074e+07 28409215.060125 
108
2.29506e+07 5.64799e+07 5.41031e+07 29126327.880054 
109
3.07145e+07 5.31286e+07 5.12034e+07 27987217.560324 
110
3.64389e+07 4.77718e+07 4.62911e+07 26225408.779273 
111
4.04193e+07 4.16603e+07 4.06175e+07 24143536.779280 
112
4.31698e+07 3.56103e+07 3.4929e+07 21889549.860196 
113
4.50149e+07 2.99669e+07 2.9498e+07 19572500.110617 
114
4.63222e+07 2.48373e+07 2.45478e+07 17277862.959835 
115
4.72552e+07 2.02807e+07 2.01081e+07 15128247.479359 
116
4.79409e+07 1.62591e+07 1.61665e+07 13209885.179635 
117
4.84458e+07 1.27312e+07 1.26664e+07 11629549.620049 
118
4.88056e+07 9.58674e+06 9.53273e+06 10440787.600046 
119
4.90277e+07 6.75304e+06 6.68684e+06 9748768.690161 
120
4.90751e+07 4.14751e+06 4.05965e+06 9634940.460273 
121
4.88939e+07 1.74038e+06 1.63314e+06 10227954.024498 
122
4.84293e+07 -390548 -525106 11676669.661919 
123
4.76743e+07 -2.09931e+06 -2.25391e+06 14004879.630477 
124
4.66639e+07 -3.16986e+06 -3.33525e+06 17066785.500517 
125
4.72525e+07 -3.55975e+06 -3.73951e+06 21278756.746405 
126
-3.41235e+07 3.37262e+07 3.70795e+07 -10472815.750260 
127
-2.20612e+07 3.73808e+07 3.78991e+07 14041553.790535 
128
-1.20329e+07 4.44186e+07 4.37366e+07 25384913.419215 
129
-1.60562e+06 4.66078e+07 4.5503e+07 30380301.580315 
130
8.11819e+06 4.52475e+07 4.40702e+07 31737746.339605 
131
1.65574e+07 4.17145e+07 4.06791e+07 31101516.809928 
132
2.35621e+07 3.70425e+07 3.62775e+07 29308785.629996 
133
2.92135e+07 3.21027e+07 3.15038e+07 26953155.820410 
134
3.3772e+07 2.72553e+07 2.68389e+07 24292104.180359 
135
3.73803e+07 2.27253e+07 2.24407e+07 21557211.660062 
136
4.03081e+07 1.86368e+07 1.84666e+07 18957030.049705 
137
4.25821e+07 1.49972e+07 1.48775e+07 16628348.239448 
138
4.43641e+07 1.17532e+07 1.16762e+07 14663968.570031 
139
4.57083e+07 8.87575e+06 8.81011e+06 13179873.615582 
140
4.66559e+07 6.29312e+06 6.22534e+06 12250647.211742 
141
4.72267e+07 3.95813e+06 3.88529e+06 11948110.362201 
142
4.74148e+07 1.87716e+06 1.79192e+06 12354094.306376 
143
4.72421e+07 100449 1482.09 13504299.521422 
144
4.67468e+07 -1.26563e+06 -1.37908e+06 15338495.372500 
145
4.60107e+07 -2.10061e+06 -2.2173e+06 17696160.775493 
146
4.64657e+07 -2.41698e+06 -2.53632e+06 20930996.377307 
147
-5.26226e+07 2.37806e+07 2.7977e+07 -20816693.540269 
148
-4.01759e+07 2.70711e+07 2.87478e+07 7126706.974398 
149
-3.05789e+07 3.30342e+07 3.33764e+07 22284505.640138 
150
-1.98514e+07 3.55001e+07 3.51783e+07 30510695.739839 
151
-9.0748e+06 3.52122e+07 3.46103e+07 34079566.290318 
152
1.00272e+06 3.30523e+07 3.24153e+07 34674537.970425 
153
9.99367e+06 2.98109e+07 2.92709e+07 33431412.129373 
154
1.77539e+07 2.61049e+07 2.56741e+07 31129343.130018 
155
2.43047e+07 2.23348e+07 2.20111e+07 28279141.599587 
156
2.9746e+07 1.87257e+07 1.85039e+07 25231050.059575 
157
3.42236e+07 1.54191e+07 1.5273e+07 22280768.399802 
158
3.77883e+07 1.24437e+07 1.23258e+07 19606315.579367 
159
4.06465e+07 9.77965e+06 9.69696e+06 17333683.998375 
160
4.28277e+07 7.3985e+06 7.33761e+06 15571363.826382 
161
4.44075e+07 5.27895e+06 5.22067e+06 14411857.245930 
162
4.54491e+07 3.39215e+06 3.33066e+06 13915400.463918 
163
4.60017e+07 1.73891e+06 1.67192e+06 14092047.065788 
164
4.61199e+07 353899 284757 14937257.531660 
165
4.58795e+07 -684158 -762270 16344552.176698 
166
4.53932e+07 -1.30874e+06 -1.38463e+06 18177191.023651 
167
4.57473e+07 -1.55226e+06 -1.62817e+06 20595078.009640 
168
-6.50383e+07 1.51704e+07 1.87427e+07 -27953012.220059 
169
-5.23587e+07 1.75873e+07 1.92929e+07 2146099.687327 
170
-4.32088e+07 2.18481e+07 2.24978e+07 19766199.319332 
171
-3.2433e+07 2.38438e+07 2.3901e+07 30208492.600391 
172
-2.11215e+07 2.39855e+07 2.37571e+07 35440943.430310 
173
-1.00818e+07 2.27952e+07 2.2459e+07 37073663.340151 
174
144626 2.07735e+07 2.04392e+07 36358515.279452 
175
9.27177e+06 1.83366e+07 1.80531e+07 34207287.499581 
176
1.71973e+07 1.57881e+07 1.55643e+07 31294443.029844 
177
2.39204e+07 1.33002e+07 1.31361e+07 28058727.999553 
178
2.95117e+07 1.09766e+07 1.08661e+07 24836677.010061 
179
3.4052e+07 8.87165e+06 8.78917e+06 21897308.850374 
180
3.76878e+07 6.98864e+06 6.9242e+06 19394713.289552 
181
4.05088e+07 5.29913e+06 5.25436e+06 17413575.369907 
182
4.2584e+07 3.80298e+06 3.76009e+06 16079305.900207 
183
4.40017e+07 2.47986e+06 2.43391e+06 15397585.009988 
184
4.48468e+07 1.32953e+06 1.28489e+06 15372696.681508 
185
4.5203e+07 382669 336890 15968377.468914 
186
4.51753e+07 -324798 -370979 17073751.679274 
187
4.48786e+07 -739452 -784851 18496346.539939 
188
4.51642e+07 -909591 -951183 20337181.861389 
189
-7.22001e+07 7.3897e+06 9.40073e+06 -32142461.579862 
190
-5.94522e+07 8.66056e+06 9.69372e+06 -850962.346380 
191
-5.05455e+07 1.08624e+07 1.1315e+07 18153407.379973 
192
-3.97764e+07 1.19599e+07 1.20661e+07 29882803.840518 
193
-2.824e+07 1.21272e+07 1.2066e+07 36125460.720042 
194
-1.67044e+07 1.16077e+07 1.14702e+07 38435028.269413 
195
-5.8127e+06 1.06436e+07 1.0496e+07 38092616.199509 
196
4.0878e+06 9.44168e+06 9.30291e+06 36083255.050294 
197
1.28057e+07 8.15646e+06 8.04845e+06 33141264.914932 
198
2.02705e+07 6.88667e+06 6.80609e+06 29786719.157570 
199
2.65379e+07 5.70024e+06 5.64013e+06 26439861.086471 
200
3.17032e+07 4.61684e+06 4.57311e+06 23358171.194533 
201
3.58026e+07 3.6373e+06 3.60351e+06 20681058.109888 
202
3.90294e+07 2.76454e+06 2.74016e+06 18577327.229693 
203
4.13956e+07 1.99048e+06 1.96624e+06 17117208.290230 
204
4.306e+07 1.30923e+06 1.28446e+06 16315646.769909 
205
4.40962e+07 721017 698000 16170381.252304 
206
4.46085e+07 236872 215178 16605567.490908 
207
4.47118e+07 -123205 -141753 17513205.362637 
208
4.45428e+07 -328951 -350998 18695054.955685 
209
4.47831e+07 -415426 -434475 20168558.914325 
210
-7.4542e+07 -0.000316852 -0.000312639 -33523415.710300 
211
-6.17593e+07 -0.000357279 5.78487e-05 -1849673.599533 
212
-5.29375e+07 0.121758 0.127364 17600746.999653 
213
-4.22206e+07 0.000618434 -0.000463499 29753292.899288 
214
-3.05753e+07 -0.121868 -0.127477 36333443.519954 
215
-1.89126e+07 -0.122294 -0.128366 38880129.599850 
216
-7.79853e+06 -0.000459562 -6.70514e-05 38668228.750075 
217
2.34618e+06 -0.123778 -0.127559 36707910.160651 
218
1.13136e+07 0.000127533 -0.000343498 33768417.869491 
219
1.90412e+07 -0.0619811 -0.0638362 30404417.849811 
220
2.55439e+07 0.0308398 0.0316168 27003547.650714 
221
3.08768e+07 -0.000300644 0.000388321 23844383.000441 
222
3.51728e+07 -0.031447 -0.0318436 21134057.210404 
223
3.85016e+07 0.01606 0.0156315 18981370.229708 
224
4.09871e+07 -0.0321638 -0.0309167 17476850.159177 
225
4.27322e+07 -0.015925 -0.0155193 16631778.600582 
226
4.38314e+07 -0.00864379 -0.00779883 16425226.400197 
227
4.43991e+07 0.00441931 0.0039187 16819593.639770 
228
4.45507e+07 -0.000383422 -0.000268595 17644688.599351 
229
4.44269e+07 -0.000474259 -0.000562302 18760925.599841 
230
4.46506e+07 0.000735871 1.92982e-05 20109877.400722 
231
-7.22e+07 -7.38971e+06 -9.40073e+06 -32142461.579466 
232
-5.94522e+07 -8.66056e+06 -9.69372e+06 -850962.346562 
233
-5.05455e+07 -1.08624e+07 -1.1315e+07 18153407.379258 
234
-3.97764e+07 -1.19599e+07 -1.20661e+07 29882803.839618 
235
-2.824e+07 -1.21272e+07 -1.2066e+07 36125460.719279 
236
-1.67044e+07 -1.16077e+07 -1.14702e+07 38435028.269297 
237
-5.8127e+06 -1.06436e+07 -1.0496e+07 38092616.200089 
238
4.0878e+06 -9.44168e+06 -9.30291e+06 36083354.449746 
239
1.28057e+07 -8.15646e+06 -8.04845e+06 33141264.914970 
240
2.02705e+07 -6.88667e+06 -6.80609e+06 29786719.157776 
241
2.65379e+07 -5.70024e+06 -5.64013e+06 26439861.087141 
242
3.17032e+07 -4.61684e+06 -4.57311e+06 23358171.194629 
243
3.58026e+07 -3.6373e+06 -3.60351e+06 20681058.110691 
244
3.90294e+07 -2.76454e+06 -2.74016e+06 18577327.229256 
245
4.13956e+07 -1.99048e+06 -1.96624e+06 17117208.289708 
246
4.306e+07 -1.30923e+06 -1.28446e+06 16315646.769386 
247
4.40962e+07 -721017 -698000 16170381.252683 
248
4.46085e+07 -236872 -215178 16605567.491481 
249
4.47118e+07 123205 141753 17513205.361913 
250
4.45428e+07 328951 350998 18695054.957075 
251
4.47831e+07 415426 434475 20168558.914283 
252
-6.50383e+07 -1.51704e+07 -1.87427e+07 -27953012.219597 
253
-5.23587e+07 -1.75873e+07 -1.92929e+07 2146099.688541 
254
-4.32088e+07 -2.18481e+07 -2.24978e+07 19766199.319523 
255
-3.2433e+07 -2.38438e+07 -2.3901e+07 30208492.599359 
256
-2.11215e+07 -2.39855e+07 -2.37571e+07 35440943.429614 
257
-1.00818e+07 -2.27952e+07 -2.2459e+07 37073663.339880 
258
144625 -2.07735e+07 -2.04392e+07 36358515.279272 
259
9.27177e+06 -1.83366e+07 -1.80531e+07 34207287.499752 
260
1.71973e+07 -1.57881e+07 -1.55643e+07 31294443.029387 
261
2.39204e+07 -1.33002e+07 -1.31361e+07 28058727.999255 
262
2.95117e+07 -1.09766e+07 -1.08661e+07 24836677.010010 
263
3.4052e+07 -8.87165e+06 -8.78917e+06 21897308.849708 
264
3.76878e+07 -6.98864e+06 -6.9242e+06 19394713.290110 
265
4.05088e+07 -5.29913e+06 -5.25436e+06 17413575.370469 
266
4.2584e+07 -3.80298e+06 -3.76009e+06 16079305.899511 
267
4.40017e+07 -2.47986e+06 -2.43391e+06 15397585.009719 
268
4.48468e+07 -1.32953e+06 -1.28489e+06 15372696.681927 
269
4.5203e+07 -382669 -336890 15968377.469337 
270
4.51753e+07 324798 370979 17073751.679073 
271
4.48786e+07 739452 784851 18496346.538760 
272
4.51642e+07 909591 951183 20337181.861773 
273
-5.26226e+07 -2.37806e+07 -2.7977e+07 -20816693.539272 
274
-4.01759e+07 -2.70711e+07 -2.87478e+07 7126706.975553 
275
-3.05789e+07 -3.30342e+07 -3.33764e+07 22284505.640225 
276
-1.98514e+07 -3.55001e+07 -3.51783e+07 30510695.739414 
277
-9.0748e+06 -3.52122e+07 -3.46103e+07 34079566.289598 
278
1.00272e+06 -3.30523e+07 -3.24153e+07 34674537.970307 
279
9.99367e+06 -2.98109e+07 -2.92709e+07 33431412.129868 
280
1.77539e+07 -2.61049e+07 -2.56741e+07 31129343.129381 
281
2.43047e+07 -2.23348e+07 -2.20111e+07 28279141.600429 
282
2.9746e+07 -1.87257e+07 -1.85039e+07 25231050.059729 
283
3.42236e+07 -1.54191e+07 -1.5273e+07 22280768.399735 
284
3.77883e+07 -1.24437e+07 -1.23258e+07 19606315.579412 
285
4.06465e+07 -9.77965e+06 -9.69696e+06 17333683.999569 
286
4.28277e+07 -7.3985e+06 -7.33761e+06 15571363.827683 
287
4.44075e+07 -5.27895e+06 -5.22067e+06 14411857.245607 
288
4.54492e+07 -3.39215e+06 -3.33066e+06 13915400.463884 
289
4.60017e+07 -1.73891e+06 -1.67192e+06 14092047.065665 
290
4.61199e+07 -353899 -284757 14937257.532345 
291
4.58795e+07 684158 762270 16344552.177234 
292
4.53932e+07 1.30874e+06 1.38463e+06 18177191.023656 
293
4.57473e+07 1.55226e+06 1.62817e+06 20595078.008603 
294
-3.41235e+07 -3.37262e+07 -3.70796e+07 -10472815.750360 
295
-2.20612e+07 -3.73808e+07 -3.78991e+07 14041553.789273 
296
-1.20329e+07 -4.44186e+07 -4.37366e+07 25384913.419903 
297
-1.60562e+06 -4.66078e+07 -4.5503e+07 30380301.580449 
298
8.11819e+06 -4.52475e+07 -4.40702e+07 31737746.339678 
299
1.65574e+07 -4.17145e+07 -4.06791e+07 31101516.810729 
300
2.35621e+07 -3.70425e+07 -3.62775e+07 29308785.629454 
301
2.92135e+07 -3.21027e+07 -3.15038e+07 26953155.819377 
302
3.3772e+07 -2.72553e+07 -2.68389e+07 24292104.179692 
303
3.73803e+07 -2.27253e+07 -2.24407e+07 21557211.659885 
304
4.03081e+07 -1.86368e+07 -1.84666e+07 18957030.049730 
305
4.25821e+07 -1.49972e+07 -1.48775e+07 16628348.240718 
306
4.43641e+07 -1.17532e+07 -1.16762e+07 14663968.569476 
307
4.57083e+07 -8.87575e+06 -8.81011e+06 13179873.614749 
308
4.66559e+07 -6.29312e+06 -6.22534e+06 12250647.211583 
309
4.72267e+07 -3.95813e+06 -3.88529e+06 11948110.362287 
310
4.74148e+07 -1.87716e+06 -1.79192e+06 12354094.305922 
311
4.72421e+07 -100449 -1482.09 13504299.520984 
312
4.67468e+07 1.26563e+06 1.37908e+06 15338495.372231 
313
4.60107e+07 2.10061e+06 2.2173e+06 17696160.776330 
314
4.64657e+07 2.41698e+06 2.53632e+06 20930996.377959 
315
-8.11202e+06 -4.56615e+07 -4.6084e+07 3550037.968847 
316
3.12249e+06 -4.87789e+07 -4.67124e+07 22721695.920196 
317
1.34151e+07 -5.57606e+07 -5.32074e+07 28409215.060454 
318
2.29506e+07 -5.64799e+07 -5.41031e+07 29126327.879387 
319
3.07145e+07 -5.31286e+07 -5.12034e+07 27987217.559530 
320
3.64389e+07 -4.77718e+07 -4.62911e+07 26225408.779242 
321
4.04193e+07 -4.16603e+07 -4.06175e+07 24143536.779566 
322
4.31697e+07 -3.56103e+07 -3.4929e+07 21889549.859820 
323
4.50149e+07 -2.99669e+07 -2.9498e+07 19572500.109995 
324
4.63222e+07 -2.48373e+07 -2.45478e+07 17277862.959814 
325
4.72552e+07 -2.02807e+07 -2.01081e+07 15128247.479316 
326
4.79409e+07 -1.62591e+07 -1.61665e+07 13209885.179616 
327
4.84458e+07 -1.27312e+07 -1.26664e+07 11629549.619909 
328
4.88056e+07 -9.58674e+06 -9.53273e+06 10440787.600572 
329
4.90277e+07 -6.75304e+06 -6.68684e+06 9748768.690628 
330
4.90751e+07 -4.14751e+06 -4.05965e+06 9634940.460422 
331
4.88939e+07 -1.74038e+06 -1.63314e+06 10227954.023888 
332
4.84293e+07 390548 525106 11676669.661632 
333
4.76743e+07 2.09931e+06 2.25391e+06 14004879.630139 
334
4.66639e+07 3.16986e+06 3.33525e+06 17066785.500108 
335
4.72525e+07 3.55975e+06 3.73951e+06 21278756.747327 
336
2.79237e+07 -6.05093e+07 -5.51497e+07 22085200.779602 
337
3.73519e+07 -6.13682e+07 -5.50501e+07 32588463.600139 
338
4.7206e+07 -6.62644e+07 -6.10811e+07 30038991.499803 
339
5.46208e+07 -6.37188e+07 -5.98289e+07 25775583.839943 
340
5.88086e+07 -5.73945e+07 -5.4662e+07 22557334.959517 
341
6.02004e+07 -4.99667e+07 -4.81287e+07 20258139.190506 
342
5.98268e+07 -4.27023e+07 -4.14795e+07 18261996.500235 
343
5.86626e+07 -3.5951e+07 -3.52223e+07 16346661.269810 
344
5.7214e+07 -2.99519e+07 -2.95233e+07 14506100.539283 
345
5.57669e+07 -2.46792e+07 -2.44383e+07 12749636.179645 
346
5.44462e+07 -2.00519e+07 -1.99486e+07 11110197.700169 
347
5.3313e+07 -1.60496e+07 -1.60021e+07 9674312.400198 
348
5.23899e+07 -1.25493e+07 -1.25225e+07 8487018.629508 
349
5.16703e+07 -9.43713e+06 -9.41278e+06 7605046.655925 
350
5.11256e+07 -6.61575e+06 -6.56543e+06 7120195.389341 
351
5.06799e+07 -3.96022e+06 -3.87162e+06 7134400.369109 
352
5.01927e+07 -1.39174e+06 -1.26093e+06 7813339.076641 
353
4.9521e+07 1.05847e+06 1.23137e+06 9434493.689614 
354
4.85511e+07 3.1547e+06 3.36545e+06 12254550.781401 
355
4.73006e+07 4.54466e+06 4.77798e+06 16188305.885315 
356
4.80864e+07 5.04116e+06 5.30161e+06 21646913.084314 
357
7.84983e+07 -7.98278e+07 -6.47727e+07 46688592.279823 
358
8.38227e+07 -7.46963e+07 -6.24069e+07 42039181.600343 
359
9.13589e+07 -7.38716e+07 -6.57859e+07 27700530.299296 
360
9.4095e+07 -6.53933e+07 -6.02021e+07 19292806.799872 
361
9.18785e+07 -5.57367e+07 -5.24092e+07 15965967.689436 
362
8.63927e+07 -4.68234e+07 -4.48193e+07 13818493.230449 
363
8.02807e+07 -3.91781e+07 -3.79943e+07 12258609.979676 
364
7.44466e+07 -3.25609e+07 -3.19293e+07 10888167.830317 
365
6.9263e+07 -2.68697e+07 -2.65876e+07 9609923.250552 
366
6.48134e+07 -2.19971e+07 -2.19073e+07 8412147.620126 
367
6.10886e+07 -1.78097e+07 -1.78268e+07 7307785.770263 
368
5.80523e+07 -1.42265e+07 -1.42767e+07 6340116.880343 
369
5.564e+07 -1.11231e+07 -1.11684e+07 5540865.690321 
370
5.38038e+07 -8.37931e+06 -8.40191e+06 4954633.575339 
371
5.24903e+07 -5.88453e+06 -5.85461e+06 4649534.953985 
372
5.16105e+07 -3.46628e+06 -3.38305e+06 4710542.430172 
373
5.10107e+07 -977606 -828703 5321610.429884 
374
5.03116e+07 1.66833e+06 1.88901e+06 6758880.204051 
375
4.93013e+07 4.3134e+06 4.59027e+06 9846603.730327 
376
4.79556e+07 6.20958e+06 6.53003e+06 14920125.708494 
377
4.90619e+07 6.95008e+06 7.31404e+06 22100467.983804 
378
1.54132e+08 -1.06175e+08 -7.61412e+07 81065003.500564 
379
1.46636e+08 -8.64988e+07 -6.81166e+07 43904964.560169 
380
1.48034e+08 -7.1575e+07 -6.18573e+07 16779908.199804 
381
1.41958e+08 -5.70236e+07 -5.11891e+07 12509840.560412 
382
1.2677e+08 -4.5608e+07 -4.22936e+07 9551976.260550 
383
1.12259e+08 -3.71794e+07 -3.54346e+07 8034583.200224 
384
9.95502e+07 -3.05723e+07 -2.97228e+07 7024051.640338 
385
8.87955e+07 -2.51396e+07 -2.48363e+07 6202915.409739 
386
7.9826e+07 -2.06196e+07 -2.06006e+07 5464122.500593 
387
7.24137e+07 -1.67923e+07 -1.69234e+07 4770162.989875 
388
6.63527e+07 -1.35595e+07 -1.37397e+07 4134208.599511 
389
6.14614e+07 -1.08074e+07 -1.09872e+07 3570699.949553 
390
5.76147e+07 -8.46114e+06 -8.59981e+06 3109427.196525 
391
5.46789e+07 -6.40338e+06 -6.48854e+06 2770377.219613 
392
5.25954e+07 -4.53278e+06 -4.54847e+06 2599836.768357 
393
5.13081e+07 -2.69647e+06 -2.63085e+06 2665737.222703 
394
5.07546e+07 -692507 -529969 3099962.794664 
395
5.07015e+07 1.8071e+06 2.07789e+06 4181648.372473 
396
4.98339e+07 4.92529e+06 5.30009e+06 6213529.075563 
397
4.86299e+07 8.13769e+06 8.57131e+06 12424152.741546 
398
5.08477e+07 9.45967e+06 9.97327e+06 22907647.226251 
399
2.74938e+08 -1.44833e+08 -9.37581e+07 133019201.000075 
400
2.32781e+08 -7.18201e+07 -5.51076e+07 12015067.440008 
401
2.28277e+08 -4.91871e+07 -3.99466e+07 15135290.719995 
402
1.87279e+08 -3.38759e+07 -2.90324e+07 7737061.959888 
403
1.57133e+08 -2.61621e+07 -2.38598e+07 5275269.660457 
404
1.33665e+08 -2.09047e+07 -2.00157e+07 4114417.909701 
405
1.14964e+08 -1.70339e+07 -1.68948e+07 3487693.109949 
406
9.98303e+07 -1.39339e+07 -1.41766e+07 3035422.269475 
407
8.75071e+07 -1.13699e+07 -1.17806e+07 2648381.170614 
408
7.7485e+07 -9.2385e+06 -9.67701e+06 2298749.760618 
409
6.93849e+07 -7.43883e+06 -7.84749e+06 1979524.800736 
410
6.28924e+07 -5.92794e+06 -6.26685e+06 1699545.340149 
411
5.77685e+07 -4.64837e+06 -4.90129e+06 1467629.237338 
412
5.38354e+07 -3.54367e+06 -3.7051e+06 1298791.496638 
413
5.09753e+07 -2.55286e+06 -2.61472e+06 1216088.763646 
414
4.91574e+07 -1.57892e+06 -1.53656e+06 1262600.015317 
415
4.84855e+07 -462229 -304413 1539313.169753 
416
4.92054e+07 1.06013e+06 1.36784e+06 2257620.800385 
417
5.15996e+07 3.84467e+06 4.37508e+06 4021744.401869 
418
4.96186e+07 7.87958e+06 8.52623e+06 5232406.309601 
419
5.46222e+07 1.31684e+07 1.39485e+07 24606694.049753 
420
5.89875e+08 -2.04269e+08 -1.27294e+08 257957613.599560 
421
4.02761e+08 -6.09591e+07 -4.50785e+07 34178405.729937 
422
2.75322e+08 -2.27125e+07 -1.32132e+07 22024999.529267 
423
2.1369e+08 -1.6143e+07 -1.18953e+07 8954200.039939 
424
1.76392e+08 -1.18721e+07 -1.00383e+07 6854968.370382 
425
1.47467e+08 -9.47345e+06 -8.98573e+06 4958250.996158 
426
1.24549e+08 -7.6669e+06 -7.8721e+06 3711912.198170 
427
1.06007e+08 -6.26108e+06 -6.76331e+06 2704237.245059 
428
9.09989e+07 -5.10163e+06 -5.69196e+06 1895189.539524 
429
7.88823e+07 -4.13491e+06 -4.70176e+06 1239397.639951 
430
6.91488e+07 -3.32495e+06 -3.81508e+06 709663.434287 
431
6.13868e+07 -2.65182e+06 -3.0384e+06 283169.203442 
432
5.52533e+07 -2.08103e+06 -2.36452e+06 -61921.215548 
433
5.04638e+07 -1.59846e+06 -1.77535e+06 -344812.889711 
434
4.68094e+07 -1.16872e+06 -1.24282e+06 -580584.940744 
435
4.41598e+07 -743572 -720131 -781368.423564 
436
4.25599e+07 -264200 -133899 -899150.071541 
437
4.22959e+07 504891 769194 -927822.267966 
438
4.5832e+07 1.73941e+06 2.2183e+06 728384.868312 
439
5.74738e+07 8.05715e+06 9.0592e+06 3097293.064850 
440
8.00543e+07 2.03223e+07 2.21279e+07 36054084.740708 
