scclist
 744 
  -1
  0
  2 0 1
  0
  -1
  0
  1 41
  0
  -1
  0
  1 40
  0
  -1
  0
  1 81
  0
  -1
  0
  1 80
  0
  -1
  0
  1 121
  0
  -1
  0
  1 120
  0
  -1
  0
  2 160 161
  0
  -1
  0
  1 201
  0
  -1
  0
  1 200
  0
  -1
  0
  1 241
  0
  -1
  0
  1 240
  0
  -1
  0
  1 281
  0
  -1
  0
  1 280
  0
  -1
  0
  1 321
  0
  -1
  0
  1 320
  0
  -1
  0
  1 361
  0
  -1
  0
  1 360
  0
  -1
  0
  1 401
  0
  -1
  0
  1 400
  0
  -1
  0
  1 441
  0
  -1
  0
  1 440
  0
  -1
  0
  1 481
  0
  -1
  0
  1 480
  0
  -1
  0
  1 521
  0
  -1
  0
  1 520
  0
  -1
  0
  1 561
  0
  -1
  0
  1 560
  0
  -1
  0
  2 600 601
  0
  -1
  0
  1 641
  0
  -1
  0
  1 640
  0
  -1
  0
  1 681
  0
  -1
  0
  1 680
  0
  -1
  0
  1 721
  0
  -1
  0
  1 720
  0
  -1
  0
  2 760 761
  0
  -1
  0
  1 762
  0
  -1
  0
  1 682
  0
  -1
  0
  2 722 723
  0
  -1
  0
  1 763
  0
  -1
  0
  1 764
  0
  -1
  0
  1 602
  0
  -1
  0
  1 643
  0
  -1
  0
  1 642
  0
  -1
  0
  1 683
  0
  -1
  0
  1 562
  0
  -1
  0
  1 603
  0
  -1
  0
  1 604
  0
  -1
  0
  1 645
  0
  -1
  0
  1 644
  0
  -1
  0
  2 684 685
  0
  -1
  0
  1 725
  0
  -1
  0
  1 724
  0
  -1
  0
  1 765
  0
  -1
  0
  1 766
  0
  -1
  0
  1 726
  0
  -1
  0
  1 767
  0
  -1
  0
  1 686
  0
  -1
  0
  1 727
  0
  -1
  0
  1 522
  0
  -1
  0
  1 563
  0
  -1
  0
  1 482
  0
  -1
  0
  1 523
  0
  -1
  0
  1 442
  0
  -1
  0
  1 483
  0
  -1
  0
  1 402
  0
  -1
  0
  1 443
  0
  -1
  0
  1 362
  0
  -1
  0
  1 403
  0
  -1
  0
  1 322
  0
  -1
  0
  1 363
  0
  -1
  0
  1 282
  0
  -1
  0
  1 323
  0
  -1
  0
  1 242
  0
  -1
  0
  1 283
  0
  -1
  0
  1 202
  0
  -1
  0
  1 243
  0
  -1
  0
  1 162
  0
  -1
  0
  1 203
  0
  -1
  0
  1 82
  0
  -1
  0
  1 123
  0
  -1
  0
  1 122
  0
  -1
  0
  1 163
  0
  -1
  0
  1 164
  0
  -1
  0
  1 205
  0
  -1
  0
  1 204
  0
  -1
  0
  1 245
  0
  -1
  0
  1 244
  0
  -1
  0
  1 285
  0
  -1
  0
  1 284
  0
  -1
  0
  1 325
  0
  -1
  0
  1 324
  0
  -1
  0
  1 365
  0
  -1
  0
  1 364
  0
  -1
  0
  1 405
  0
  -1
  0
  1 404
  0
  -1
  0
  1 445
  0
  -1
  0
  1 444
  0
  -1
  0
  1 485
  0
  -1
  0
  1 484
  0
  -1
  0
  1 525
  0
  -1
  0
  1 524
  0
  -1
  0
  1 565
  0
  -1
  0
  1 564
  0
  -1
  0
  1 605
  0
  -1
  0
  1 606
  0
  -1
  0
  2 646 647
  0
  -1
  0
  1 687
  0
  -1
  0
  1 566
  0
  -1
  0
  1 607
  0
  -1
  0
  1 526
  0
  -1
  0
  1 567
  0
  -1
  0
  1 486
  0
  -1
  0
  1 527
  0
  -1
  0
  1 446
  0
  -1
  0
  1 487
  0
  -1
  0
  1 406
  0
  -1
  0
  1 447
  0
  -1
  0
  1 366
  0
  -1
  0
  1 407
  0
  -1
  0
  1 326
  0
  -1
  0
  1 367
  0
  -1
  0
  1 286
  0
  -1
  0
  1 327
  0
  -1
  0
  1 246
  0
  -1
  0
  1 287
  0
  -1
  0
  1 206
  0
  -1
  0
  1 247
  0
  -1
  0
  1 2
  0
  -1
  0
  2 42 43
  0
  -1
  0
  1 83
  0
  -1
  0
  1 3
  0
  -1
  0
  1 4
  0
  -1
  0
  1 45
  0
  -1
  0
  1 44
  0
  -1
  0
  2 84 85
  0
  -1
  0
  1 125
  0
  -1
  0
  1 124
  0
  -1
  0
  1 165
  0
  -1
  0
  1 166
  0
  -1
  0
  1 207
  0
  -1
  0
  1 86
  0
  -1
  0
  2 126 127
  0
  -1
  0
  1 167
  0
  -1
  0
  1 46
  0
  -1
  0
  1 87
  0
  -1
  0
  1 5
  0
  -1
  0
  1 6
  0
  -1
  0
  1 47
  0
  -1
  0
  1 7
  0
  -1
  0
  2 8 9
  0
  -1
  0
  1 49
  0
  -1
  0
  1 48
  0
  -1
  0
  1 89
  0
  -1
  0
  1 88
  0
  -1
  0
  1 129
  0
  -1
  0
  1 128
  0
  -1
  0
  2 168 169
  0
  -1
  0
  1 209
  0
  -1
  0
  1 208
  0
  -1
  0
  1 249
  0
  -1
  0
  1 248
  0
  -1
  0
  1 289
  0
  -1
  0
  1 288
  0
  -1
  0
  1 329
  0
  -1
  0
  1 328
  0
  -1
  0
  1 369
  0
  -1
  0
  1 368
  0
  -1
  0
  1 409
  0
  -1
  0
  1 408
  0
  -1
  0
  1 449
  0
  -1
  0
  1 448
  0
  -1
  0
  1 489
  0
  -1
  0
  1 488
  0
  -1
  0
  1 529
  0
  -1
  0
  1 528
  0
  -1
  0
  1 569
  0
  -1
  0
  1 568
  0
  -1
  0
  2 608 609
  0
  -1
  0
  1 649
  0
  -1
  0
  1 648
  0
  -1
  0
  1 689
  0
  -1
  0
  1 688
  0
  -1
  0
  1 729
  0
  -1
  0
  1 728
  0
  -1
  0
  2 768 769
  0
  -1
  0
  1 770
  0
  -1
  0
  1 690
  0
  -1
  0
  1 731
  0
  -1
  0
  1 730
  0
  -1
  0
  1 771
  0
  -1
  0
  1 772
  0
  -1
  0
  1 610
  0
  -1
  0
  1 651
  0
  -1
  0
  1 650
  0
  -1
  0
  1 691
  0
  -1
  0
  1 692
  0
  -1
  0
  1 733
  0
  -1
  0
  1 732
  0
  -1
  0
  1 773
  0
  -1
  0
  1 774
  0
  -1
  0
  1 490
  0
  -1
  0
  1 531
  0
  -1
  0
  1 530
  0
  -1
  0
  2 570 571
  0
  -1
  0
  1 611
  0
  -1
  0
  1 612
  0
  -1
  0
  1 653
  0
  -1
  0
  1 652
  0
  -1
  0
  1 693
  0
  -1
  0
  1 694
  0
  -1
  0
  1 735
  0
  -1
  0
  1 734
  0
  -1
  0
  1 775
  0
  -1
  0
  1 776
  0
  -1
  0
  1 572
  0
  -1
  0
  1 613
  0
  -1
  0
  1 614
  0
  -1
  0
  1 655
  0
  -1
  0
  1 654
  0
  -1
  0
  1 695
  0
  -1
  0
  1 696
  0
  -1
  0
  1 737
  0
  -1
  0
  1 736
  0
  -1
  0
  1 777
  0
  -1
  0
  1 778
  0
  -1
  0
  1 450
  0
  -1
  0
  1 491
  0
  -1
  0
  1 492
  0
  -1
  0
  2 532 533
  0
  -1
  0
  1 573
  0
  -1
  0
  1 410
  0
  -1
  0
  1 451
  0
  -1
  0
  1 452
  0
  -1
  0
  1 493
  0
  -1
  0
  1 370
  0
  -1
  0
  1 411
  0
  -1
  0
  1 412
  0
  -1
  0
  1 453
  0
  -1
  0
  1 330
  0
  -1
  0
  1 371
  0
  -1
  0
  1 372
  0
  -1
  0
  1 413
  0
  -1
  0
  1 290
  0
  -1
  0
  1 331
  0
  -1
  0
  1 332
  0
  -1
  0
  1 373
  0
  -1
  0
  1 170
  0
  -1
  0
  2 210 211
  0
  -1
  0
  1 251
  0
  -1
  0
  1 250
  0
  -1
  0
  1 291
  0
  -1
  0
  1 292
  0
  -1
  0
  1 333
  0
  -1
  0
  1 212
  0
  -1
  0
  2 252 253
  0
  -1
  0
  1 293
  0
  -1
  0
  1 90
  0
  -1
  0
  1 131
  0
  -1
  0
  1 130
  0
  -1
  0
  1 171
  0
  -1
  0
  1 172
  0
  -1
  0
  1 213
  0
  -1
  0
  1 10
  0
  -1
  0
  1 51
  0
  -1
  0
  1 50
  0
  -1
  0
  1 91
  0
  -1
  0
  1 92
  0
  -1
  0
  1 133
  0
  -1
  0
  1 132
  0
  -1
  0
  1 173
  0
  -1
  0
  1 174
  0
  -1
  0
  1 215
  0
  -1
  0
  1 214
  0
  -1
  0
  1 255
  0
  -1
  0
  1 254
  0
  -1
  0
  2 294 295
  0
  -1
  0
  1 335
  0
  -1
  0
  1 334
  0
  -1
  0
  1 375
  0
  -1
  0
  1 374
  0
  -1
  0
  1 415
  0
  -1
  0
  1 414
  0
  -1
  0
  1 455
  0
  -1
  0
  1 454
  0
  -1
  0
  2 494 495
  0
  -1
  0
  1 535
  0
  -1
  0
  1 534
  0
  -1
  0
  1 575
  0
  -1
  0
  1 574
  0
  -1
  0
  1 615
  0
  -1
  0
  1 616
  0
  -1
  0
  1 657
  0
  -1
  0
  1 656
  0
  -1
  0
  1 697
  0
  -1
  0
  1 698
  0
  -1
  0
  1 739
  0
  -1
  0
  1 738
  0
  -1
  0
  1 779
  0
  -1
  0
  1 780
  0
  -1
  0
  1 496
  0
  -1
  0
  1 537
  0
  -1
  0
  1 536
  0
  -1
  0
  1 577
  0
  -1
  0
  1 576
  0
  -1
  0
  1 617
  0
  -1
  0
  1 618
  0
  -1
  0
  1 659
  0
  -1
  0
  1 658
  0
  -1
  0
  1 699
  0
  -1
  0
  1 700
  0
  -1
  0
  1 741
  0
  -1
  0
  1 740
  0
  -1
  0
  1 781
  0
  -1
  0
  1 782
  0
  -1
  0
  1 296
  0
  -1
  0
  2 336 337
  0
  -1
  0
  2 376 377
  0
  -1
  0
  2 416 417
  0
  -1
  0
  2 456 457
  0
  -1
  0
  1 497
  0
  -1
  0
  1 498
  0
  -1
  0
  1 539
  0
  -1
  0
  1 538
  0
  -1
  0
  1 579
  0
  -1
  0
  1 578
  0
  -1
  0
  1 619
  0
  -1
  0
  1 620
  0
  -1
  0
  1 661
  0
  -1
  0
  1 660
  0
  -1
  0
  1 701
  0
  -1
  0
  1 702
  0
  -1
  0
  1 743
  0
  -1
  0
  1 742
  0
  -1
  0
  1 783
  0
  -1
  0
  1 784
  0
  -1
  0
  1 11
  0
  -1
  0
  1 12
  0
  -1
  0
  1 53
  0
  -1
  0
  1 52
  0
  -1
  0
  1 93
  0
  -1
  0
  1 94
  0
  -1
  0
  1 135
  0
  -1
  0
  1 134
  0
  -1
  0
  1 175
  0
  -1
  0
  1 176
  0
  -1
  0
  1 217
  0
  -1
  0
  1 216
  0
  -1
  0
  1 257
  0
  -1
  0
  1 256
  0
  -1
  0
  1 297
  0
  -1
  0
  1 298
  0
  -1
  0
  2 338 339
  0
  -1
  0
  2 378 379
  0
  -1
  0
  2 418 419
  0
  -1
  0
  2 458 459
  0
  -1
  0
  1 499
  0
  -1
  0
  1 500
  0
  -1
  0
  1 541
  0
  -1
  0
  1 540
  0
  -1
  0
  1 581
  0
  -1
  0
  1 580
  0
  -1
  0
  1 621
  0
  -1
  0
  1 622
  0
  -1
  0
  1 663
  0
  -1
  0
  1 662
  0
  -1
  0
  1 703
  0
  -1
  0
  1 704
  0
  -1
  0
  1 745
  0
  -1
  0
  1 744
  0
  -1
  0
  1 785
  0
  -1
  0
  1 786
  0
  -1
  0
  1 13
  0
  -1
  0
  1 14
  0
  -1
  0
  1 55
  0
  -1
  0
  1 54
  0
  -1
  0
  1 95
  0
  -1
  0
  1 96
  0
  -1
  0
  1 137
  0
  -1
  0
  1 136
  0
  -1
  0
  1 177
  0
  -1
  0
  1 178
  0
  -1
  0
  1 219
  0
  -1
  0
  1 218
  0
  -1
  0
  1 259
  0
  -1
  0
  1 258
  0
  -1
  0
  1 299
  0
  -1
  0
  1 300
  0
  -1
  0
  2 340 341
  0
  -1
  0
  2 380 381
  0
  -1
  0
  2 420 421
  0
  -1
  0
  2 460 461
  0
  -1
  0
  1 501
  0
  -1
  0
  1 502
  0
  -1
  0
  1 543
  0
  -1
  0
  1 542
  0
  -1
  0
  1 583
  0
  -1
  0
  1 582
  0
  -1
  0
  1 623
  0
  -1
  0
  1 624
  0
  -1
  0
  1 665
  0
  -1
  0
  1 664
  0
  -1
  0
  1 705
  0
  -1
  0
  1 706
  0
  -1
  0
  1 747
  0
  -1
  0
  1 746
  0
  -1
  0
  1 787
  0
  -1
  0
  1 788
  0
  -1
  0
  1 15
  0
  -1
  0
  1 16
  0
  -1
  0
  1 57
  0
  -1
  0
  1 56
  0
  -1
  0
  1 97
  0
  -1
  0
  1 98
  0
  -1
  0
  1 139
  0
  -1
  0
  1 138
  0
  -1
  0
  1 179
  0
  -1
  0
  1 180
  0
  -1
  0
  1 221
  0
  -1
  0
  1 220
  0
  -1
  0
  1 261
  0
  -1
  0
  1 260
  0
  -1
  0
  1 301
  0
  -1
  0
  1 302
  0
  -1
  0
  2 342 343
  0
  -1
  0
  2 382 383
  0
  -1
  0
  2 422 423
  0
  -1
  0
  2 462 463
  0
  -1
  0
  1 503
  0
  -1
  0
  1 17
  0
  -1
  0
  1 18
  0
  -1
  0
  1 59
  0
  -1
  0
  1 58
  0
  -1
  0
  1 99
  0
  -1
  0
  1 100
  0
  -1
  0
  1 141
  0
  -1
  0
  1 140
  0
  -1
  0
  1 181
  0
  -1
  0
  1 182
  0
  -1
  0
  1 223
  0
  -1
  0
  1 222
  0
  -1
  0
  1 263
  0
  -1
  0
  1 262
  0
  -1
  0
  1 303
  0
  -1
  0
  1 19
  0
  -1
  0
  1 20
  0
  -1
  0
  1 61
  0
  -1
  0
  1 60
  0
  -1
  0
  1 101
  0
  -1
  0
  1 102
  0
  -1
  0
  1 143
  0
  -1
  0
  1 142
  0
  -1
  0
  1 183
  0
  -1
  0
  1 184
  0
  -1
  0
  1 225
  0
  -1
  0
  1 224
  0
  -1
  0
  1 265
  0
  -1
  0
  1 264
  0
  -1
  0
  2 304 305
  0
  -1
  0
  1 345
  0
  -1
  0
  1 344
  0
  -1
  0
  1 385
  0
  -1
  0
  1 384
  0
  -1
  0
  1 425
  0
  -1
  0
  1 424
  0
  -1
  0
  1 465
  0
  -1
  0
  1 464
  0
  -1
  0
  2 504 505
  0
  -1
  0
  1 545
  0
  -1
  0
  1 544
  0
  -1
  0
  1 585
  0
  -1
  0
  1 584
  0
  -1
  0
  1 625
  0
  -1
  0
  1 626
  0
  -1
  0
  1 667
  0
  -1
  0
  1 666
  0
  -1
  0
  1 707
  0
  -1
  0
  1 708
  0
  -1
  0
  1 749
  0
  -1
  0
  1 748
  0
  -1
  0
  1 789
  0
  -1
  0
  1 586
  0
  -1
  0
  1 627
  0
  -1
  0
  1 628
  0
  -1
  0
  1 669
  0
  -1
  0
  1 668
  0
  -1
  0
  1 709
  0
  -1
  0
  1 506
  0
  -1
  0
  2 546 547
  0
  -1
  0
  1 587
  0
  -1
  0
  1 466
  0
  -1
  0
  1 507
  0
  -1
  0
  1 508
  0
  -1
  0
  1 549
  0
  -1
  0
  1 548
  0
  -1
  0
  2 588 589
  0
  -1
  0
  1 629
  0
  -1
  0
  1 426
  0
  -1
  0
  1 467
  0
  -1
  0
  1 468
  0
  -1
  0
  1 509
  0
  -1
  0
  1 386
  0
  -1
  0
  1 427
  0
  -1
  0
  1 428
  0
  -1
  0
  1 469
  0
  -1
  0
  1 346
  0
  -1
  0
  1 387
  0
  -1
  0
  1 388
  0
  -1
  0
  1 429
  0
  -1
  0
  1 306
  0
  -1
  0
  1 347
  0
  -1
  0
  1 348
  0
  -1
  0
  1 389
  0
  -1
  0
  1 226
  0
  -1
  0
  2 266 267
  0
  -1
  0
  1 307
  0
  -1
  0
  1 308
  0
  -1
  0
  1 349
  0
  -1
  0
  1 21
  0
  -1
  0
  1 22
  0
  -1
  0
  1 63
  0
  -1
  0
  1 62
  0
  -1
  0
  1 103
  0
  -1
  0
  1 104
  0
  -1
  0
  1 145
  0
  -1
  0
  1 144
  0
  -1
  0
  1 185
  0
  -1
  0
  1 186
  0
  -1
  0
  1 227
  0
  -1
  0
  1 23
  0
  -1
  0
  1 24
  0
  -1
  0
  1 65
  0
  -1
  0
  1 64
  0
  -1
  0
  1 105
  0
  -1
  0
  1 106
  0
  -1
  0
  1 147
  0
  -1
  0
  1 146
  0
  -1
  0
  1 187
  0
  -1
  0
  1 188
  0
  -1
  0
  2 228 229
  0
  -1
  0
  1 269
  0
  -1
  0
  1 268
  0
  -1
  0
  1 309
  0
  -1
  0
  1 25
  0
  -1
  0
  1 26
  0
  -1
  0
  1 67
  0
  -1
  0
  1 66
  0
  -1
  0
  1 107
  0
  -1
  0
  1 108
  0
  -1
  0
  1 149
  0
  -1
  0
  1 148
  0
  -1
  0
  1 189
  0
  -1
  0
  1 27
  0
  -1
  0
  1 28
  0
  -1
  0
  1 69
  0
  -1
  0
  1 68
  0
  -1
  0
  1 109
  0
  -1
  0
  1 29
  0
  -1
  0
  2 30 31
  0
  -1
  0
  1 71
  0
  -1
  0
  1 70
  0
  -1
  0
  1 111
  0
  -1
  0
  1 110
  0
  -1
  0
  1 151
  0
  -1
  0
  1 150
  0
  -1
  0
  2 190 191
  0
  -1
  0
  1 231
  0
  -1
  0
  1 230
  0
  -1
  0
  1 271
  0
  -1
  0
  1 270
  0
  -1
  0
  1 311
  0
  -1
  0
  1 310
  0
  -1
  0
  1 351
  0
  -1
  0
  1 350
  0
  -1
  0
  1 391
  0
  -1
  0
  1 390
  0
  -1
  0
  1 431
  0
  -1
  0
  1 430
  0
  -1
  0
  1 471
  0
  -1
  0
  1 470
  0
  -1
  0
  1 511
  0
  -1
  0
  1 510
  0
  -1
  0
  1 551
  0
  -1
  0
  1 550
  0
  -1
  0
  1 591
  0
  -1
  0
  1 590
  0
  -1
  0
  2 630 631
  0
  -1
  0
  1 671
  0
  -1
  0
  1 670
  0
  -1
  0
  1 711
  0
  -1
  0
  1 710
  0
  -1
  0
  1 751
  0
  -1
  0
  1 750
  0
  -1
  0
  2 790 791
  0
  -1
  0
  1 792
  0
  -1
  0
  1 752
  0
  -1
  0
  1 793
  0
  -1
  0
  1 794
  0
  -1
  0
  1 712
  0
  -1
  0
  1 753
  0
  -1
  0
  1 632
  0
  -1
  0
  2 672 673
  0
  -1
  0
  1 713
  0
  -1
  0
  1 592
  0
  -1
  0
  1 633
  0
  -1
  0
  1 634
  0
  -1
  0
  1 675
  0
  -1
  0
  1 674
  0
  -1
  0
  2 714 715
  0
  -1
  0
  1 755
  0
  -1
  0
  1 754
  0
  -1
  0
  1 795
  0
  -1
  0
  1 796
  0
  -1
  0
  1 716
  0
  -1
  0
  2 756 757
  0
  -1
  0
  1 797
  0
  -1
  0
  1 552
  0
  -1
  0
  1 593
  0
  -1
  0
  1 512
  0
  -1
  0
  1 553
  0
  -1
  0
  1 472
  0
  -1
  0
  1 513
  0
  -1
  0
  1 432
  0
  -1
  0
  1 473
  0
  -1
  0
  1 392
  0
  -1
  0
  1 433
  0
  -1
  0
  1 352
  0
  -1
  0
  1 393
  0
  -1
  0
  1 312
  0
  -1
  0
  1 353
  0
  -1
  0
  1 272
  0
  -1
  0
  1 313
  0
  -1
  0
  1 232
  0
  -1
  0
  1 273
  0
  -1
  0
  1 192
  0
  -1
  0
  1 233
  0
  -1
  0
  1 112
  0
  -1
  0
  2 152 153
  0
  -1
  0
  1 193
  0
  -1
  0
  1 194
  0
  -1
  0
  1 235
  0
  -1
  0
  1 234
  0
  -1
  0
  1 275
  0
  -1
  0
  1 274
  0
  -1
  0
  1 315
  0
  -1
  0
  1 314
  0
  -1
  0
  1 355
  0
  -1
  0
  1 354
  0
  -1
  0
  1 395
  0
  -1
  0
  1 394
  0
  -1
  0
  1 435
  0
  -1
  0
  1 434
  0
  -1
  0
  1 475
  0
  -1
  0
  1 474
  0
  -1
  0
  1 515
  0
  -1
  0
  1 514
  0
  -1
  0
  1 555
  0
  -1
  0
  1 554
  0
  -1
  0
  1 595
  0
  -1
  0
  1 594
  0
  -1
  0
  1 635
  0
  -1
  0
  1 636
  0
  -1
  0
  1 677
  0
  -1
  0
  1 676
  0
  -1
  0
  1 717
  0
  -1
  0
  1 596
  0
  -1
  0
  1 637
  0
  -1
  0
  1 556
  0
  -1
  0
  1 597
  0
  -1
  0
  1 516
  0
  -1
  0
  1 557
  0
  -1
  0
  1 476
  0
  -1
  0
  1 517
  0
  -1
  0
  1 436
  0
  -1
  0
  1 477
  0
  -1
  0
  1 396
  0
  -1
  0
  1 437
  0
  -1
  0
  1 356
  0
  -1
  0
  1 397
  0
  -1
  0
  1 316
  0
  -1
  0
  1 357
  0
  -1
  0
  1 276
  0
  -1
  0
  1 317
  0
  -1
  0
  1 236
  0
  -1
  0
  1 277
  0
  -1
  0
  1 72
  0
  -1
  0
  1 113
  0
  -1
  0
  1 32
  0
  -1
  0
  1 73
  0
  -1
  0
  1 33
  0
  -1
  0
  1 34
  0
  -1
  0
  1 75
  0
  -1
  0
  1 74
  0
  -1
  0
  2 114 115
  0
  -1
  0
  1 155
  0
  -1
  0
  1 154
  0
  -1
  0
  1 195
  0
  -1
  0
  1 196
  0
  -1
  0
  1 237
  0
  -1
  0
  1 116
  0
  -1
  0
  1 157
  0
  -1
  0
  1 156
  0
  -1
  0
  1 197
  0
  -1
  0
  1 35
  0
  -1
  0
  1 36
  0
  -1
  0
  2 76 77
  0
  -1
  0
  1 117
  0
  -1
  0
  1 37
  0
  -1
  0
  2 38 39
  0
  -1
  0
  1 79
  0
  -1
  0
  1 78
  0
  -1
  0
  1 119
  0
  -1
  0
  1 118
  0
  -1
  0
  1 159
  0
  -1
  0
  1 158
  0
  -1
  0
  2 198 199
  0
  -1
  0
  1 239
  0
  -1
  0
  1 238
  0
  -1
  0
  1 279
  0
  -1
  0
  1 278
  0
  -1
  0
  1 319
  0
  -1
  0
  1 318
  0
  -1
  0
  1 359
  0
  -1
  0
  1 358
  0
  -1
  0
  1 399
  0
  -1
  0
  1 398
  0
  -1
  0
  1 439
  0
  -1
  0
  1 438
  0
  -1
  0
  1 479
  0
  -1
  0
  1 478
  0
  -1
  0
  1 519
  0
  -1
  0
  1 518
  0
  -1
  0
  1 559
  0
  -1
  0
  1 558
  0
  -1
  0
  1 599
  0
  -1
  0
  1 598
  0
  -1
  0
  2 638 639
  0
  -1
  0
  1 679
  0
  -1
  0
  1 678
  0
  -1
  0
  1 719
  0
  -1
  0
  1 718
  0
  -1
  0
  1 759
  0
  -1
  0
  1 758
  0
  -1
  0
  2 798 799
  0
dg
 800 1216
  0
  0
  128
  131
  132
  146
  147
  149
  150
  150
  263
  336
  337
  372
  373
  408
  409
  429
  430
  444
  445
  518
  519
  529
  530
  543
  544
  552
  553
  557
  558
  558
  687
  689
  690
  703
  704
  707
  708
  708
  2
  1
  129
  129
  134
  133
  144
  148
  152
  151
  265
  264
  339
  338
  375
  374
  411
  410
  432
  431
  447
  446
  521
  520
  532
  531
  546
  545
  555
  554
  560
  559
  685
  688
  692
  691
  705
  705
  710
  709
  4
  3
  79
  130
  135
  135
  141
  145
  154
  153
  257
  266
  267
  340
  341
  376
  377
  412
  413
  433
  434
  448
  449
  522
  523
  533
  534
  547
  548
  556
  562
  561
  636
  686
  693
  693
  699
  706
  712
  711
  6
  5
  81
  80
  137
  136
  142
  142
  156
  155
  259
  258
  269
  268
  343
  342
  379
  378
  415
  414
  436
  435
  451
  450
  525
  524
  536
  535
  550
  549
  564
  563
  637
  637
  695
  694
  701
  700
  714
  713
  7
  7
  77
  82
  83
  138
  139
  143
  157
  157
  247
  260
  261
  270
  271
  344
  345
  380
  381
  416
  417
  437
  438
  452
  453
  526
  527
  537
  538
  551
  565
  565
  634
  638
  639
  696
  697
  702
  715
  715
  9
  8
  75
  78
  85
  84
  126
  140
  159
  158
  248
  248
  254
  262
  273
  272
  347
  346
  383
  382
  419
  418
  440
  439
  455
  454
  513
  528
  539
  539
  567
  566
  632
  635
  641
  640
  683
  698
  717
  716
  11
  10
  73
  76
  87
  86
  124
  127
  161
  160
  250
  249
  255
  255
  275
  274
  349
  348
  385
  384
  421
  420
  442
  441
  457
  456
  514
  514
  541
  540
  569
  568
  630
  633
  643
  642
  681
  684
  719
  718
  13
  12
  71
  74
  89
  88
  122
  125
  163
  162
  243
  251
  252
  256
  276
  276
  315
  350
  351
  386
  387
  422
  423
  443
  458
  458
  509
  515
  516
  542
  571
  570
  628
  631
  645
  644
  679
  682
  721
  720
  15
  14
  69
  72
  91
  90
  120
  123
  165
  164
  239
  244
  245
  253
  278
  277
  316
  316
  352
  352
  388
  388
  424
  424
  460
  459
  505
  510
  511
  517
  573
  572
  626
  629
  647
  646
  677
  680
  723
  722
  17
  16
  67
  70
  93
  92
  118
  121
  167
  166
  235
  240
  241
  246
  280
  279
  317
  317
  353
  353
  389
  389
  425
  425
  462
  461
  501
  506
  507
  512
  575
  574
  624
  627
  649
  648
  675
  678
  725
  724
  19
  18
  65
  68
  95
  94
  116
  119
  169
  168
  231
  236
  237
  242
  282
  281
  318
  318
  354
  354
  390
  390
  426
  426
  464
  463
  497
  502
  503
  508
  577
  576
  622
  625
  651
  650
  673
  676
  727
  726
  21
  20
  63
  66
  97
  96
  114
  117
  171
  170
  226
  232
  233
  238
  284
  283
  319
  319
  355
  355
  391
  391
  427
  427
  466
  465
  490
  498
  499
  504
  579
  578
  620
  623
  653
  652
  671
  674
  729
  728
  23
  22
  61
  64
  99
  98
  112
  115
  173
  172
  201
  227
  228
  234
  285
  285
  300
  320
  321
  356
  357
  392
  393
  428
  467
  467
  487
  491
  492
  500
  581
  580
  618
  621
  655
  654
  669
  672
  731
  730
  25
  24
  59
  62
  101
  100
  110
  113
  175
  174
  203
  202
  229
  229
  287
  286
  302
  301
  323
  322
  359
  358
  395
  394
  469
  468
  488
  488
  494
  493
  583
  582
  616
  619
  657
  656
  667
  670
  733
  732
  27
  26
  45
  60
  103
  102
  108
  111
  177
  176
  204
  204
  215
  230
  289
  288
  304
  303
  325
  324
  361
  360
  397
  396
  471
  470
  481
  489
  495
  495
  585
  584
  603
  617
  659
  658
  665
  668
  735
  734
  28
  28
  41
  46
  47
  104
  105
  109
  178
  178
  192
  205
  206
  216
  217
  290
  291
  305
  306
  326
  327
  362
  363
  398
  399
  472
  473
  482
  483
  496
  586
  586
  600
  604
  605
  660
  661
  666
  736
  736
  30
  29
  43
  42
  49
  48
  106
  106
  180
  179
  194
  193
  208
  207
  219
  218
  293
  292
  308
  307
  329
  328
  365
  364
  401
  400
  475
  474
  485
  484
  588
  587
  601
  601
  607
  606
  663
  662
  738
  737
  32
  31
  37
  44
  50
  50
  57
  107
  182
  181
  187
  195
  196
  209
  210
  220
  221
  294
  295
  309
  310
  330
  331
  366
  367
  402
  403
  476
  477
  486
  590
  589
  598
  602
  608
  608
  613
  664
  740
  739
  34
  33
  38
  38
  52
  51
  55
  58
  184
  183
  189
  188
  198
  197
  212
  211
  223
  222
  297
  296
  312
  311
  333
  332
  369
  368
  405
  404
  479
  478
  592
  591
  595
  599
  610
  609
  614
  614
  742
  741
  35
  35
  36
  39
  40
  53
  54
  56
  185
  185
  186
  190
  191
  199
  200
  213
  214
  224
  225
  298
  299
  313
  314
  334
  335
  370
  371
  406
  407
  480
  593
  593
  594
  596
  597
  611
  612
  615
  743
  743
curmorse
  0
  0
  0
  0
  0
  0
