0
0.482649427058522 -0.079190271142823 0.872226135538489 486016242.839237809181213 
1
0.659436978584458 -0.027304839586369 0.751263813191187 290802760.979908168315887 
2
0.652014569589871 -0.024210017804698 0.757819817687841 196185827.210631757974625 
3
0.680217983455631 -0.013982022025737 0.732876523053936 151897560.773699551820755 
4
0.682121816704961 -0.007317621058298 0.731201941735093 125305148.859194234013557 
5
0.685970674462998 -0.002328190970855 0.727625462242481 104741411.623351216316223 
6
0.688702205133474 0.001159950960125 0.725043396741230 88450706.850780740380287 
7
0.691690190773168 0.003336372267752 0.722186643886655 75265418.341461166739464 
8
0.694844539816321 0.004570036112013 0.719145451391706 64586427.892540790140629 
9
0.698207913734677 0.005064694490332 0.715877124978854 55960486.883551783859730 
10
0.701734557113796 0.004998388902957 0.712420962255238 49028946.372456401586533 
11
0.705362301959317 0.004443377574999 0.708833040546488 43501081.495316535234451 
12
0.709030042134153 0.003622149147153 0.705168972223535 39133471.986649394035339 
13
0.712691449204841 0.002475803724536 0.701473284328221 35724085.115485280752182 
14
0.716272819971331 0.001118669100791 0.697819457990217 33123733.144395522773266 
15
0.719689668056777 -0.000375176740423 0.694295787784096 31239147.966109622269869 
16
0.721897352978336 -0.002164324509079 0.691996768390063 30101810.572862263768911 
17
0.722587308651130 -0.004416544499060 0.691265560773141 29921994.297002065926790 
18
0.697137647337721 -0.007373492257084 0.716899387833720 32473468.301174368709326 
19
0.685306682027617 -0.012046104784962 0.728154958046575 41592190.368880391120911 
20
0.465880245503687 -0.013758686034154 0.884740806907898 65617175.014653384685516 
21
0.559595241248426 -0.102955814828672 0.822346196054362 248044605.761987358331680 
22
0.720116209587847 -0.047260011101465 0.692242107964779 176814143.146408408880234 
23
0.688154741085523 -0.027524239000023 0.725041701275855 167861202.254059791564941 
24
0.698184137200401 -0.017775528680760 0.715697520703999 136242053.533371835947037 
25
0.701511751552161 -0.010101604214888 0.712586289530261 113956576.169659197330475 
26
0.702121142682252 -0.004594737565657 0.712042687895375 96749421.096071377396584 
27
0.701285608675099 -0.000836777268367 0.712879930190911 83079943.181534126400948 
28
0.699876919888639 0.001685299687044 0.714261476472136 72008473.785691589117050 
29
0.698333836658383 0.003260910866479 0.715764779126707 62978456.448442988097668 
30
0.696895578266851 0.003941658112108 0.717161778348120 55624632.903995901346207 
31
0.695699434318706 0.004113395666783 0.718321221365986 49674536.267759010195732 
32
0.694771092980016 0.003773785097935 0.719221027852626 44904074.045249544084072 
33
0.694034508644140 0.003073912910741 0.719935171991551 41139930.687116965651512 
34
0.693247645847552 0.002110190711279 0.720696363680287 38250663.085435211658478 
35
0.691977753319813 0.000855681446616 0.721918317207512 36147724.073410689830780 
36
0.689481559892850 -0.000608522091756 0.724302980988333 34805850.388557955622673 
37
0.684359548121260 -0.002300261534168 0.729141082159097 34303950.329181633889675 
38
0.674439133126625 -0.004414546803738 0.738317253952476 34851531.719823308289051 
39
0.655514284901623 -0.007201198360527 0.755148439071476 36828089.148419432342052 
40
0.653196490268783 -0.008926034293919 0.757135833924354 36222681.256123326718807 
41
0.454700417800361 -0.008769164663989 0.890601275433217 44480563.994231238961220 
42
0.637927290630512 -0.097547237327980 0.763893518992335 153945951.334714204072952 
43
0.696161125262633 -0.068936780339145 0.714567986961029 133326319.914347380399704 
44
0.749933044730372 -0.038936432801133 0.660366854575665 124789875.974307700991631 
45
0.737334877013974 -0.025497637842264 0.675046035173345 114412914.179960668087006 
46
0.732015150535985 -0.016559045679789 0.681087085028012 100076681.365221723914146 
47
0.726049733052861 -0.009972945579260 0.687569869533520 87477040.087116822600365 
48
0.719571668558071 -0.005535245306540 0.694396122445935 76738821.773114949464798 
49
0.712756998393717 -0.002239253084079 0.701407475713230 67719877.260189458727837 
50
0.705994102728159 -0.000157637099435 0.708217693978064 60214631.887946106493473 
51
0.699645659339288 0.001214256054498 0.714488962091037 54013325.701743237674236 
52
0.693999268443719 0.001841106264841 0.719973350706334 48951023.764009542763233 
53
0.689198387876415 0.002002881808448 0.724569921134608 44876329.153560988605022 
54
0.685115205431616 0.001663399805106 0.728432830388282 41681374.719870507717133 
55
0.681405977862657 0.001084894349601 0.731904854702636 39246397.219740822911263 
56
0.677302064207100 0.000209127621782 0.735705015673020 37511817.530531629920006 
57
0.671665564820756 -0.000900756268914 0.740853938149861 36426782.974047973752022 
58
0.662804138086135 -0.002259909714688 0.748789401196342 35961093.632784686982632 
59
0.647894543534975 -0.003758288120733 0.761720772808519 36025776.985942974686623 
60
0.624388164784971 -0.005223337676439 0.781096752278470 35877363.074129320681095 
61
0.546811410303110 -0.005946343789249 0.837234687861095 36461709.409696370363235 
62
0.418975404392024 -0.006322695717521 0.907975569072981 40615270.794584624469280 
63
0.761330976455913 -0.077414943909106 0.643725151557896 97236283.199795708060265 
64
0.749853915534445 -0.064294154135656 0.658471994166526 95571147.987254008650780 
65
0.789453991003102 -0.041590042127147 0.612399105555467 97207416.576158404350281 
66
0.789853667541030 -0.028049413400039 0.612653584238188 92538233.087667346000671 
67
0.774561083393678 -0.019505669912860 0.632198273434262 85293270.474770620465279 
68
0.759153986759707 -0.013014778161258 0.650780946199454 76993056.469095140695572 
69
0.743429337806509 -0.008554866779967 0.668759772970050 69187267.311853229999542 
70
0.727730803425592 -0.005076850283621 0.685844080922727 62211493.765814423561096 
71
0.712545806072589 -0.002509905771122 0.701621104743425 56207649.889083974063396 
72
0.698502157630208 -0.000877494120293 0.715607410379471 51163171.745951853692532 
73
0.686171376420547 0.000181071536636 0.727439900881324 47011684.213778004050255 
74
0.675854570608506 0.000574055045068 0.737034781980061 43683418.078451469540596 
75
0.667428869668967 0.000551452470170 0.744673351096021 41078976.795052587985992 
76
0.660223040530313 0.000288781315624 0.751069539628829 39116501.155770704150200 
77
0.652951009310670 -0.000396652250844 0.757400041000243 37721017.588017515838146 
78
0.643890573856116 -0.001130629934651 0.765116756172019 36805497.665794149041176 
79
0.630215765479251 -0.002052304555587 0.776417334290917 36277068.788098677992821 
80
0.607935496057839 -0.003070124791689 0.793980482736618 35939484.201422274112701 
81
0.564463266109595 -0.003863783450546 0.825449145853538 35827693.763938821852207 
82
0.490668892946493 -0.004440890063773 0.871334789842632 36080122.104222826659679 
83
0.393958990274390 -0.004700857879700 0.919115996986875 38712397.683170653879642 
84
0.917229905740523 -0.042450020549183 0.396090009682906 63128259.433908574283123 
85
0.856467421149803 -0.046442332628691 0.514107640722263 68021082.191633567214012 
86
0.856549513046621 -0.034551358918005 0.514906919060636 75008732.113341450691223 
87
0.844399871073612 -0.025889064868225 0.535087482614868 75124566.292070105671883 
88
0.822598367656595 -0.019085210479226 0.568302454921382 71586807.600699394941330 
89
0.796220814643377 -0.013817249971428 0.604848326385933 66511340.355584703385830 
90
0.768777950890858 -0.010012701666483 0.639437415256092 61060566.865119002759457 
91
0.741107632161126 -0.006522621715777 0.671354550858547 55864115.863668650388718 
92
0.714382800982000 -0.004182002969430 0.699742613045880 51247469.542493961751461 
93
0.689862962489787 -0.002544704599232 0.723935506425343 47322245.394315570592880 
94
0.668802600640726 -0.001170805565627 0.743439110210466 44089984.867950625717640 
95
0.651870524175981 -0.000572162144047 0.758330068203162 41530273.228083848953247 
96
0.638890782700500 -0.000338379824601 0.769297376363287 39566551.537486605346203 
97
0.628745565184948 -0.000319346177227 0.777611028907306 38113751.445580720901489 
98
0.619258737689312 -0.000678313574682 0.785186701164847 37090420.770548187196255 
99
0.607737927234711 -0.001217042715256 0.794136720349516 36400751.915014497935772 
100
0.590679913273003 -0.001819716556254 0.806903915399753 35943603.745279498398304 
101
0.562903729366653 -0.002423900162844 0.826518914588840 35664940.552864059805870 
102
0.518562684286231 -0.002963499657442 0.855034478916283 35557399.339295431971550 
103
0.455432655995236 -0.003271629244940 0.890264226112231 35657359.477247469127178 
104
0.377073693141293 -0.003459188465694 0.926176799512893 37645789.225041568279266 
105
0.998775220683879 0.004562912156019 -0.049267011077651 46298572.127850294113159 
106
0.966403790536398 -0.020486332233695 0.256210897169682 50435379.553036801517010 
107
0.934489362400382 -0.021691357601626 0.355329588644017 58852893.085045605897903 
108
0.904784019399656 -0.019416952533206 0.425427855450635 61205366.707085140049458 
109
0.871480897495054 -0.016075363145742 0.490165918848861 59879483.357832737267017 
110
0.833654764569529 -0.013046331771890 0.552131801962014 56747624.794120900332928 
111
0.792376204904690 -0.009851955045784 0.609953185812335 52924394.487297192215919 
112
0.749576693907046 -0.006932068454194 0.661881202617455 49147277.187457256019115 
113
0.707599044677540 -0.005130225440101 0.706595551046259 45703251.757786408066750 
114
0.669301059864014 -0.003381577095102 0.742983617720645 42800445.099644988775253 
115
0.637422945762930 -0.002131146569538 0.770511159185386 40481877.930249892175198 
116
0.613563294336894 -0.001195204165158 0.789644638637825 38720472.423735372722149 
117
0.597177589325522 -0.000865792658995 0.802108581932914 37448417.710294656455517 
118
0.586173196421169 -0.000738622783883 0.810185434473968 36563467.718983680009842 
119
0.576918224757257 -0.000920009839740 0.816801392949859 35979670.068405769765377 
120
0.565783024448386 -0.001234057598524 0.824553240456843 35601100.814322873950005 
121
0.548795300910396 -0.001516328969101 0.835955392616810 35361843.558037020266056 
122
0.521786030734504 -0.001909755934202 0.853074258762157 35229043.508790373802185 
123
0.482202488990925 -0.002195787666934 0.876057040453120 35202722.889263540506363 
124
0.429419525616979 -0.002343743371620 0.903102086082131 35284313.231495745480061 
125
0.366320424598097 -0.002440718276224 0.930485566474067 36825534.546672493219376 
126
0.857839879839331 0.038534886304364 -0.512470294841323 43511161.718529157340527 
127
0.995399301860121 0.006179320684309 -0.095614046312583 41937637.398077532649040 
128
0.990395726453169 -0.007053316430530 0.138081699550048 48348173.702575936913490 
129
0.959051967080968 -0.010866222777227 0.283021641647208 50834766.703712455928326 
130
0.918140025274030 -0.011700055674122 0.396083327958935 50312564.423693269491196 
131
0.868867738699487 -0.010751914278127 0.494927518922312 48147381.190344847738743 
132
0.811931545045791 -0.008445380402254 0.583691563849791 45290070.050626851618290 
133
0.749772840791447 -0.007054954070816 0.661657702165237 42443927.635150298476219 
134
0.687145059867237 -0.005210599403198 0.726501559773900 39961437.108963526785374 
135
0.630355692970029 -0.003749191202703 0.776297393983518 37960672.647437013685703 
136
0.585538368907007 -0.002327283284612 0.810641352442765 36554447.753671385347843 
137
0.555673590686602 -0.001680102349839 0.831398844039101 35608958.602762386202812 
138
0.539569595886672 -0.001098132073800 0.841940286065848 35054800.403495609760284 
139
0.532275333484773 -0.000943594740206 0.846570776127218 34780448.322174578905106 
140
0.527874902497658 -0.000977161170573 0.849321571884957 34678562.920119792222977 
141
0.521214357829801 -0.001050428305071 0.853425151839600 34668996.833784088492393 
142
0.508025782006910 -0.001228285166822 0.861340987142616 34695263.246488049626350 
143
0.485531933570984 -0.001424266444080 0.874217772038477 34743284.148700103163719 
144
0.452682818541749 -0.001629282099889 0.891670124674443 34814035.966478154063225 
145
0.410052401560422 -0.001670557596493 0.912060435065488 34924717.786859773099422 
146
0.360050227565043 -0.001651951996559 0.932931457656435 36120926.046597562730312 
147
0.636775504650074 0.043986004287453 -0.769793600976566 47700635.888964869081974 
148
0.911141794381582 0.020879545587593 -0.411563695079106 40150802.975910902023315 
149
0.995251552031889 0.004011950663730 -0.097253547133197 42643364.713177300989628 
150
0.992534773692397 -0.003679865984985 0.121906446087626 43719263.142660096287727 
151
0.956574858119101 -0.007014907953699 0.291402353938371 42904199.997887842357159 
152
0.899868126829105 -0.007786324739721 0.436092567540569 40905600.005844578146935 
153
0.825674119919852 -0.007014457294315 0.564103753828535 38490335.522467695176601 
154
0.738095240615599 -0.005946232427183 0.674670332903799 36227495.767513625323772 
155
0.646185140120410 -0.004697845348674 0.763166230212427 34451138.262974835932255 
156
0.563518146478790 -0.003333277679894 0.826096960319439 33275165.096179265528917 
157
0.503561439958547 -0.002233154458771 0.863956532013062 32700944.495692186057568 
158
0.471974149966313 -0.001810512318555 0.881610528413040 32550985.310560103505850 
159
0.464096269100238 -0.001263226286113 0.885783866000386 32728190.798665992915630 
160
0.468687162039366 -0.000921069048807 0.883363739221445 33054942.187833350151777 
161
0.475354069103050 -0.000871841157244 0.879794151424166 33427898.382467593997717 
162
0.477273557291977 -0.000910231783969 0.878754301831838 33777623.446549817919731 
163
0.471061645383251 -0.000983303591966 0.882099744565698 34062924.603478237986565 
164
0.454905048170008 -0.001008452539806 0.890539375981162 34281016.944466121494770 
165
0.429221207572736 -0.001133819690945 0.903198687677695 34446475.450610235333443 
166
0.395194350300195 -0.001096636279886 0.918596877242502 34601892.258163332939148 
167
0.356968953498288 -0.001068854262793 0.934115637268161 35510795.110926173627377 
168
0.475157449167222 0.033777032651768 -0.879252245129997 52880909.735864624381065 
169
0.794844367020202 0.020600151912809 -0.606463573479417 41397891.810083091259003 
170
0.956638905611741 0.008069388416991 -0.291164711530339 40256633.843677930533886 
171
0.999601124708436 0.000726656391742 -0.028232312199306 39396935.034522555768490 
172
0.981791684864396 -0.003029303682879 0.189936596922043 37695345.821056790649891 
173
0.924268493139387 -0.004754149752251 0.381713440489041 35356242.058735452592373 
174
0.832544044871002 -0.005073231983081 0.553935624118072 32948902.270814497023821 
175
0.712201274462810 -0.004576424527089 0.701960398450010 30969733.944409076124430 
176
0.578321907064242 -0.003763771503664 0.815799979059602 29720380.163081929087639 
177
0.457700156519660 -0.002807159604645 0.889102180054032 29231257.438847143203020 
178
0.380148366708180 -0.001881067513435 0.924923608128862 29379918.634853597730398 
179
0.357819304150994 -0.001376437326794 0.933789832348363 29958183.991970155388117 
180
0.373486616553556 -0.001047155811140 0.927634977089633 30767775.417157087475061 
181
0.401498293815065 -0.000707822772828 0.915859497439708 31621887.857961989939213 
182
0.425245952189092 -0.000661686271280 0.905077589114917 32407899.961539842188358 
183
0.439007876271962 -0.000695031554032 0.898482944469354 33055308.239225063472986 
184
0.441003506598625 -0.000665302459149 0.897505133433984 33548257.612057130783796 
185
0.431306431746576 -0.000675185450886 0.902205246082422 33901020.746771387755871 
186
0.411558386607116 -0.000676132168283 0.911383145147330 34150860.481476940214634 
187
0.384863423189458 -0.000661176658586 0.922973297737436 34331923.826388746500015 
188
0.355294106740904 -0.000593551741293 0.934754377048598 35036681.009556084871292 
189
0.384239057727454 0.017790440483880 -0.923062211740957 56519769.877225846052170 
190
0.713446727415589 0.012003369728800 -0.700606655874136 43036401.693296574056149 
191
0.912347434860582 0.005719762259869 -0.409376895321421 39562725.706758208572865 
192
0.991105244100339 0.001428186558937 -0.133072744767513 37173764.234378501772881 
193
0.993488334859961 -0.000884207676886 0.113930446650431 34606388.947739869356155 
194
0.939818258076530 -0.002163151976195 0.341667912686463 31800870.059319533407688 
195
0.833673749597297 -0.002526546546743 0.552251478762103 29225736.838480364531279 
196
0.678287316150188 -0.002538301751163 0.734792401821082 27334967.762519970536232 
197
0.492523409739072 -0.002045920429423 0.870296791369815 26397302.137777693569660 
198
0.316041478199234 -0.001527072909232 0.948744144701812 26380775.593563672155142 
199
0.209324316945049 -0.001109535841198 0.977845641840115 27089034.743948332965374 
200
0.219928571661931 -0.000774842966297 0.975515670291934 28221692.935874734073877 
201
0.284553715900410 -0.000573410446628 0.958659926130079 29459678.667384341359138 
202
0.345079865993538 -0.000397246587979 0.938573240765488 30688469.363788153976202 
203
0.387544388025444 -0.000381850359785 0.921850964907173 31736564.816590797156096 
204
0.412287851523704 -0.000379983917203 0.911053556657451 32586260.872373357415199 
205
0.420875287287774 -0.000346442115474 0.907118444597118 33218701.862375326454639 
206
0.416042579258800 -0.000322268333947 0.909345076627573 33658340.156542852520943 
207
0.400527857299995 -0.000273126726446 0.916284541465404 33955081.225409075617790 
208
0.378465740560265 -0.000322702421975 0.925615243546322 34159921.488684743642807 
209
0.354558237475087 -0.000274230865366 0.935033892987838 34732248.425442874431610 
210
0.354867917662398 0.000000000000036 -0.934916446006783 57794156.992320910096169 
211
0.685621722569382 0.000000000004751 -0.727958002594238 43690036.026943817734718 
212
0.894083929505521 0.000000000071049 -0.447899460816785 39447242.642441399395466 
213
0.985326887620642 -0.000000000014812 -0.170677838431996 36522835.113992333412170 
214
0.996317366623168 -0.000000000083536 0.085742083979080 33578047.398164749145508 
215
0.945175981062251 -0.000000000099305 0.326561425803801 30572451.034260395914316 
216
0.832943930934931 0.000000000007036 0.553357396190441 27893090.768553968518972 
217
0.660564212150455 -0.000000000072674 0.750769552942878 26009375.718594592064619 
218
0.445843915890898 -0.000000000009352 0.895110720896063 25182371.530779756605625 
219
0.223973813509571 -0.000000000036565 0.974595162548009 25367265.845490962266922 
220
0.027766419161351 0.000000000014781 0.999614438654703 26283872.670273955911398 
221
0.127464685281658 0.000000000012488 0.991843109572299 27585583.270439367741346 
222
0.241919805683147 -0.000000000006834 0.970296247348318 29015294.841344058513641 
223
0.321548826316787 -0.000000000007058 0.946892999390267 30353477.408156093209982 
224
0.373095575109830 0.000000000019790 0.927792914304407 31507001.970756791532040 
225
0.402483534835861 0.000000000006256 0.915427224953481 32424180.121542256325483 
226
0.414012966537015 0.000000000012765 0.910270983575342 33098158.289154976606369 
227
0.410750074584389 -0.000000000007456 0.911747978461657 33572183.655065156519413 
228
0.397044094128933 0.000000000001694 0.917799535474569 33882869.382520399987698 
229
0.376325909329933 -0.000000000001291 0.926487350138683 34100764.263416796922684 
230
0.354356350886385 -0.000000000010347 0.935110462237743 34627180.432573154568672 
231
0.384238679940584 -0.017790449051847 -0.923062368835417 56519706.090089641511440 
232
0.713446727415171 -0.012003369730990 -0.700606655874524 43036401.693337127566338 
233
0.912347434856262 -0.005719762237796 -0.409376895331357 39562725.706324890255928 
234
0.991105244099210 -0.001428186560993 -0.133072744775905 37173764.233858861029148 
235
0.993488334859565 0.000884207687137 0.113930446653801 34606388.946938537061214 
236
0.939818258076778 0.002163151983843 0.341667912685734 31800870.059477601200342 
237
0.833673749594188 0.002526546572350 0.552251478766680 29225736.838706813752651 
238
0.678287251862892 0.002538314319623 0.734792461121302 27335033.194839742034674 
239
0.492523409756535 0.002045920425896 0.870296791359941 26397302.137663584202528 
240
0.316041478201647 0.001527072916327 0.948744144700997 26380775.593514043837786 
241
0.209324316951811 0.001109535838541 0.977845641838670 27089034.744314391165972 
242
0.219928571650196 0.000774842948450 0.975515670294594 28221692.935283202677965 
243
0.284553715885077 0.000573410433027 0.958659926134638 29459678.667766861617565 
244
0.345079866001965 0.000397246606997 0.938573240762381 30688469.363666109740734 
245
0.387544388033565 0.000381850369862 0.921850964903755 31736564.816178783774376 
246
0.412287851528289 0.000379983913998 0.911053556655377 32586260.871792536228895 
247
0.420875287275305 0.000346442116425 0.907118444602903 33218701.862007189542055 
248
0.416042579249894 0.000322268324052 0.909345076631651 33658340.156827971339226 
249
0.400527857311530 0.000273126745645 0.916284541460357 33955081.225095525383949 
250
0.378465740534123 0.000322702399386 0.925615243557019 34159921.488941945135593 
251
0.354558237466049 0.000274230879768 0.935033892991261 34732248.424640588462353 
252
0.475157449172830 -0.033777032658830 -0.879252245126695 52880909.736343972384930 
253
0.794844367036825 -0.020600151921792 -0.606463573457325 41397891.810057118535042 
254
0.956638905612071 -0.008069388421066 -0.291164711529142 40256633.843961678445339 
255
0.999601124708122 -0.000726656392994 -0.028232312210374 39396935.034247584640980 
256
0.981791684866882 0.003029303700091 0.189936596908920 37695345.821065969765186 
257
0.924268493135006 0.004754149720882 0.381713440500038 35356242.058418393135071 
258
0.832544055149784 0.005073232069207 0.553935608668666 32948902.270601321011782 
259
0.712201274457872 0.004576424530462 0.701960398454998 30969733.944220520555973 
260
0.578321907071580 0.003763771503159 0.815799979054402 29720380.163017895072699 
261
0.457700156523799 0.002807159608208 0.889102180051890 29231257.438652798533440 
262
0.380148366712728 0.001881067476554 0.924923608127068 29379918.634563043713570 
263
0.357819304140897 0.001376437320363 0.933789832352242 29958183.992087710648775 
264
0.373486616536655 0.001047155806896 0.927634977096442 30767775.417119748890400 
265
0.401498293815264 0.000707822759991 0.915859497439630 31621887.858851797878742 
266
0.425245952191551 0.000661686269101 0.905077589113764 32407899.960418798029423 
267
0.439007876277321 0.000695031564964 0.898482944466727 33055308.239300657063723 
268
0.441003506589341 0.000665302451780 0.897505133438552 33548257.611917562782764 
269
0.431306431737941 0.000675185453072 0.902205246086548 33901020.746743887662888 
270
0.411558386611036 0.000676132139152 0.911383145145581 34150860.481467761099339 
271
0.384863423213611 0.000661176660791 0.922973297727363 34331923.826381944119930 
272
0.355294106731586 0.000593551742272 0.934754377052140 35036681.009467333555222 
273
0.636775504658713 -0.043986004293293 -0.769793600969085 47700635.889408104121685 
274
0.911141794391137 -0.020879545595254 -0.411563695057563 40150802.975856892764568 
275
0.995251552031729 -0.004011950658043 -0.097253547135061 42643364.713235497474670 
276
0.992534773693182 0.003679866003547 0.121906446080675 43719263.142401322722435 
277
0.956574858118317 0.007014907941899 0.291402353941228 42904199.997164100408554 
278
0.899868126828234 0.007786324732125 0.436092567542502 40905600.006072223186493 
279
0.825674119910145 0.007014457286675 0.564103753842837 38490335.522359929978848 
280
0.738095240609768 0.005946232421433 0.674670332910229 36227495.766572564840317 
281
0.646185140116489 0.004697845369819 0.763166230215617 34451138.263390652835369 
282
0.563518146478506 0.003333277683479 0.826096960319619 33275165.095546010881662 
283
0.503561439948868 0.002233154455946 0.863956532018711 32700944.495461344718933 
284
0.471974149961253 0.001810512321067 0.881610528415744 32550985.310423448681831 
285
0.464096269093392 0.001263226271201 0.885783866003994 32728190.799768827855587 
286
0.468687162029029 0.000921069041434 0.883363739226937 33054942.188421230763197 
287
0.475354069101800 0.000871841155492 0.879794151424844 33427898.381639171391726 
288
0.477274052433100 0.000910227888723 0.878754032912098 33777690.493754774332047 
289
0.471061645382781 0.000983303602967 0.882099744565937 34062924.603090181946754 
290
0.454905048156540 0.001008452518859 0.890539375988066 34281016.944425366818905 
291
0.429221207557294 0.001133819697434 0.903198687685025 34446475.450083009898663 
292
0.395194350295846 0.001096636263465 0.918596877244392 34601892.257841654121876 
293
0.356968953517144 0.001068854278237 0.934115637260937 35510795.110784046351910 
294
0.857839879834732 -0.038534886309680 -0.512470294848621 43511161.719223625957966 
295
0.995399301858228 -0.006179320663687 -0.095614046333625 41937637.398521594703197 
296
0.990395726451335 0.007053316434339 0.138081699563013 48348173.702441014349461 
297
0.959051967082367 0.010866222781774 0.283021641642296 50834766.703677639365196 
298
0.918140025276961 0.011700055667388 0.396083327952340 50312564.424227692186832 
299
0.868867738698334 0.010751914268265 0.494927518924551 48147381.189942948520184 
300
0.811931545046032 0.008445380397145 0.583691563849531 45290070.050121143460274 
301
0.749772840786165 0.007054954069521 0.661657702171237 42443927.634710453450680 
302
0.687145059868403 0.005210599391356 0.726501559772883 39961437.108434870839119 
303
0.630355692971760 0.003749191194290 0.776297393982152 37960672.647361092269421 
304
0.585538368912139 0.002327283282110 0.810641352439065 36554447.753567606210709 
305
0.555673590674183 0.001680102334501 0.831398844047432 35608958.603334166109562 
306
0.539569595896686 0.001098132051511 0.841940286059459 35054800.403512075543404 
307
0.532275333496364 0.000943594713488 0.846570776119960 34780448.321940414607525 
308
0.527874902500019 0.000977161185807 0.849321571883472 34678562.919957093894482 
309
0.521214357828156 0.001050428282690 0.853425151840632 34668996.834048040211201 
310
0.508025782017220 0.001228285155516 0.861340987136552 34695263.246762208640575 
311
0.485531933578694 0.001424266431385 0.874217772034215 34743284.148637935519218 
312
0.452682818547167 0.001629282095896 0.891670124671700 34814035.966413080692291 
313
0.410052401548689 0.001670557609855 0.912060435070739 34924717.787373311817646 
314
0.360050227554483 0.001651952003413 0.932931457660499 36120926.046611338853836 
315
0.998775220683861 -0.004562912156204 -0.049267011078001 46298572.127907916903496 
316
0.966403790531768 0.020486332244400 0.256210897186290 50435379.553447075188160 
317
0.934489362403750 0.021691357597295 0.355329588635422 58852893.085255734622478 
318
0.904784019403799 0.019416952533747 0.425427855441798 61205366.707463204860687 
319
0.871480897501684 0.016075363138902 0.490165918837297 59879483.357625223696232 
320
0.833654764571436 0.013046331766949 0.552131801959252 56747624.794432081282139 
321
0.792376204906882 0.009851955040944 0.609953185809565 52924394.488067857921124 
322
0.749577076948629 0.006932089748317 0.661880768601770 49147233.720754511654377 
323
0.707599044688851 0.005130225430633 0.706595551035000 45703251.757467478513718 
324
0.669301059865006 0.003381577100400 0.742983617719727 42800445.098899021744728 
325
0.637422945764404 0.002131146559847 0.770511159184194 40481877.930087059736252 
326
0.613563294339597 0.001195204163326 0.789644638635727 38720472.423807770013809 
327
0.597177589327758 0.000865792642676 0.802108581931266 37448417.709891259670258 
328
0.586173196419558 0.000738622775933 0.810185434475141 36563467.719589538872242 
329
0.576918224748836 0.000920009826819 0.816801392955821 35979670.068528130650520 
330
0.565783024444431 0.001234057601725 0.824553240459552 35601100.814049556851387 
331
0.548795300922877 0.001516328975223 0.835955392608605 35361843.558410622179508 
332
0.521786030739617 0.001909755933563 0.853074258759031 35229043.508736580610275 
333
0.482202488995161 0.002195787676231 0.876057040450764 35202722.889136403799057 
334
0.429419525623306 0.002343743364042 0.903102086079142 35284313.231540687382221 
335
0.366320424588008 0.002440718287365 0.930485566478010 36825534.547071129083633 
336
0.917229905746447 0.042450020552583 0.396090009668823 63128259.433859579265118 
337
0.856467421145898 0.046442332632809 0.514107640728397 68021082.191334724426270 
338
0.856549513046296 0.034551358915247 0.514906919061362 75008732.112808853387833 
339
0.844399871072397 0.025889064867153 0.535087482616836 75124566.292431592941284 
340
0.822598367657530 0.019085210469265 0.568302454920362 71586807.601328477263451 
341
0.796220814641385 0.013817249966739 0.604848326388663 66511340.355549313127995 
342
0.768777950891603 0.010012701667928 0.639437415255174 61060566.864805184304714 
343
0.741107632158217 0.006522621714291 0.671354550861773 55864115.864118725061417 
344
0.714382800983952 0.004182002979947 0.699742613043824 51247469.542481251060963 
345
0.689862962485899 0.002544704580306 0.723935506429115 47322245.394548550248146 
346
0.668802600634288 0.001170805579264 0.743439110216236 44089984.868826739490032 
347
0.651870524165313 0.000572162129116 0.758330068212344 41530273.228169649839401 
348
0.638890782699024 0.000338379810257 0.769297376364519 39566551.537860475480556 
349
0.628745628891976 0.000319350330964 0.777610977394609 38113753.883035093545914 
350
0.619258737694943 0.000678313570170 0.785186701160410 37090420.770982317626476 
351
0.607737927247416 0.001217042704459 0.794136720339810 36400751.915934011340141 
352
0.590679913263140 0.001819716554311 0.806903915406978 35943603.745594568550587 
353
0.562903729365830 0.002423900165938 0.826518914589392 35664940.553419202566147 
354
0.518562684282438 0.002963499674497 0.855034478918524 35557399.339964896440506 
355
0.455432655994059 0.003271629235553 0.890264226112867 35657359.477059058845043 
356
0.377073778078080 0.003459185834878 0.926176764942461 37645790.589970014989376 
357
0.761330976456855 0.077414943909403 0.643725151556746 97236283.200696170330048 
358
0.749853915532624 0.064294154141411 0.658471994168038 95571147.986871570348740 
359
0.789453991004383 0.041590042121212 0.612399105554219 97207416.576718419790268 
360
0.789853667543921 0.028049413392282 0.612653584234815 92538233.087582260370255 
361
0.774561083395122 0.019505669919265 0.632198273432296 85293270.475323021411896 
362
0.759153986757155 0.013014778156220 0.650780946202531 76993056.469406440854073 
363
0.743429337803884 0.008554866789415 0.668759772972847 69187267.311995044350624 
364
0.727730803426224 0.005076850288717 0.685844080922018 62211493.766626752912998 
365
0.712545806069006 0.002509905767373 0.701621104747078 56207649.889154218137264 
366
0.698502066011784 0.000877495801997 0.715607499805855 51163172.555709570646286 
367
0.686171376411891 -0.000181071536312 0.727439900889489 47011684.213939540088177 
368
0.675854570600603 -0.000574055041808 0.737034781987312 43683418.079305931925774 
369
0.667428869658481 -0.000551452468446 0.744673351105421 41078976.795670978724957 
370
0.660223040530326 -0.000288781337231 0.751069539628808 39116501.156339190900326 
371
0.652951009321186 0.000396652265632 0.757400040991169 37721017.588392704725266 
372
0.643890573856636 0.001130629926209 0.765116756171594 36805497.665868006646633 
373
0.630215765483406 0.002052304559042 0.776417334287535 36277068.787240117788315 
374
0.607935496047730 0.003070124796814 0.793980482744338 35939484.201483622193336 
375
0.564463266108492 0.003863783447396 0.825449145854307 35827693.763948492705822 
376
0.490668892941748 0.004440890061539 0.871334789845316 36080122.104967132210732 
377
0.393958990273075 0.004700857889374 0.919115996987389 38712397.682544767856598 
378
0.637927573000451 0.097547186830605 0.763893289633565 153945928.503482222557068 
379
0.696161125263693 0.068936780342365 0.714567986959686 133326319.914317727088928 
380
0.749933044732969 0.038936432797353 0.660366854572938 124789875.975105285644531 
381
0.737334877012917 0.025497637838500 0.675046035174641 114412914.180386886000633 
382
0.732015150533718 0.016559045681100 0.681087085030416 100076681.365218997001648 
383
0.726049733049565 0.009972945576444 0.687569869537042 87477040.086646571755409 
384
0.719571668558429 0.005535245305888 0.694396122445570 76738821.772838622331619 
385
0.712756998393831 0.002239253081803 0.701407475713121 67719877.260146304965019 
386
0.705994102720065 0.000157637103837 0.708217693986131 60214631.888483062386513 
387
0.699645659334638 -0.001214256063557 0.714488962095575 54013325.701873242855072 
388
0.693999268447094 -0.001841106254728 0.719973350703106 48951023.763540208339691 
389
0.689198387889673 -0.002002881804763 0.724569921122008 44876329.153698153793812 
390
0.685115205416409 -0.001663399795611 0.728432830402606 41681374.719952195882797 
391
0.681405977868764 -0.001084894347883 0.731904854696952 39246397.219602644443512 
392
0.677302064200687 -0.000209127642052 0.735705015678919 37511817.530553445219994 
393
0.671665564819985 0.000900756265268 0.740853938150565 36426782.974812917411327 
394
0.662804138087970 0.002259909700871 0.748789401194760 35961093.633013442158699 
395
0.647894543519080 0.003758288139099 0.761720772821949 36025776.986049488186836 
396
0.624388164779279 0.005223337677540 0.781096752283013 35877363.074699707329273 
397
0.546811410283270 0.005946343804160 0.837234687873946 36461709.410126514732838 
398
0.418975404376282 0.006322695711830 0.907975569080285 40615270.794801451265812 
399
0.559595241246379 0.102955814828645 0.822346196055759 248044605.761398434638977 
400
0.720116209586283 0.047260011099827 0.692242107966519 176814143.146385580301285 
401
0.688154741086426 0.027524239001072 0.725041701274958 167861202.253284901380539 
402
0.698184137197507 0.017775528679962 0.715697520706842 136242053.533976644277573 
403
0.701511751552941 0.010101604211657 0.712586289529538 113956576.169933870434761 
404
0.702121142682968 0.004594737563373 0.712042687894684 96749421.096527323126793 
405
0.701285608678522 0.000836777266151 0.712879930187547 83079943.181192666292191 
406
0.699876919890250 -0.001685299685623 0.714261476470561 72008473.785924002528191 
407
0.698333836649167 -0.003260910859069 0.715764779135733 62978456.448560334742069 
408
0.696895578254597 -0.003941658095206 0.717161778360121 55624632.903857834637165 
409
0.695699432196421 -0.004113389893249 0.718321223454496 49674467.526038557291031 
410
0.694771092971869 -0.003773785103544 0.719221027860467 44904074.044965088367462 
411
0.694034508659570 -0.003073912905765 0.719935171976698 41139930.688073165714741 
412
0.693247645841678 -0.002110190713627 0.720696363685931 38250663.085376188158989 
413
0.691977753313520 -0.000855681458646 0.721918317213530 36147724.073261074721813 
414
0.689481559891072 0.000608522085753 0.724302980990031 34805850.389004789292812 
415
0.684359548109867 0.002300261506947 0.729141082169876 34303950.328527219593525 
416
0.674439133123526 0.004414546797977 0.738317253955340 34851531.719929836690426 
417
0.655514284900213 0.007201198347865 0.755148439072820 36828089.149097025394440 
418
0.653196490257940 0.008926034285167 0.757135833933812 36222681.256585128605366 
419
0.454700417803881 0.008769164674888 0.890601275431313 44480563.993494123220444 
420
0.482649427058829 0.079190271142803 0.872226135538321 486016242.838459432125092 
421
0.659436978585646 0.027304839587240 0.751263813190113 290802760.979430377483368 
422
0.652014569592365 0.024210017804884 0.757819817685689 196185827.210935294628143 
423
0.680217983456956 0.013982022023824 0.732876523052743 151897560.773675322532654 
424
0.682121816703825 0.007317621061180 0.731201941736125 125305148.859240293502808 
425
0.685970674461661 0.002328190970713 0.727625462243741 104741411.622394174337387 
426
0.688702205131271 -0.001159950967266 0.725043396743311 88450706.850691571831703 
427
0.691690190777119 -0.003336372266066 0.722186643882878 75265418.341512516140938 
428
0.694844539825136 -0.004570036109594 0.719145451383204 64586427.891995705664158 
429
0.698207913731324 -0.005064694498244 0.715877124982068 55960486.883512221276760 
430
0.701734557125873 -0.004998388890506 0.712420962243430 49028946.372292757034302 
431
0.705362301952860 -0.004443377578423 0.708833040552892 43501081.495677992701530 
432
0.709030042143399 -0.003622149145423 0.705168972214247 39133471.985739894211292 
433
0.712691449206805 -0.002475803730438 0.701473284326205 35724085.115850530564785 
434
0.716272819964006 -0.001118669077303 0.697819457997773 33123733.143982496112585 
435
0.719689668567424 0.000375177302789 0.694295787254469 31239147.988622769713402 
436
0.721897352962401 0.002164324494064 0.691996768406734 30101810.573006842285395 
437
0.722587308044095 0.004416545025491 0.691265561404318 29921994.270771976560354 
438
0.697137647342126 0.007373492247833 0.716899387829531 32473468.301368288695812 
439
0.685306682037366 0.012046104788983 0.728154958037333 41592190.368869490921497 
440
0.465880245501667 0.013758686041508 0.884740806908847 65617175.015228085219860 
