Node 
P11             P12             P21             P22             
0
7.28773e+08 2.325e+08 1.59333e+08 307137610.200036 
1
5.03628e+08 7.09221e+07 5.95149e+07 35836601.399602 
2
3.57726e+08 2.51998e+07 1.26052e+07 20931175.399608 
3
2.93781e+08 1.69011e+07 8.31245e+06 6467741.532634 
4
2.57791e+08 1.20688e+07 5.72704e+06 5004220.006443 
5
2.30129e+08 9.65383e+06 5.19114e+06 3726393.678659 
6
2.07794e+08 8.08417e+06 5.05611e+06 3129818.073550 
7
1.88779e+08 6.97923e+06 5.06156e+06 2681750.648334 
8
1.72234e+08 6.12405e+06 5.05704e+06 2326725.354543 
9
1.57586e+08 5.46521e+06 4.99836e+06 2020251.663613 
10
1.44524e+08 4.89557e+06 4.87663e+06 1746134.770423 
11
1.3282e+08 4.39291e+06 4.69824e+06 1497070.938342 
12
1.22274e+08 3.96671e+06 4.47337e+06 1269530.040435 
13
1.12789e+08 3.57555e+06 4.21602e+06 1061914.398117 
14
1.04242e+08 3.22566e+06 3.9374e+06 872652.819408 
15
9.65429e+07 2.91897e+06 3.64744e+06 701893.154564 
16
8.962e+07 2.62556e+06 3.35484e+06 547469.715888 
17
8.33928e+07 2.37102e+06 3.06548e+06 408925.825478 
18
7.77988e+07 2.12923e+06 2.78426e+06 284421.313946 
19
7.27957e+07 1.90986e+06 2.515e+06 173307.331495 
20
6.83142e+07 1.70813e+06 2.25924e+06 74317.977503 
21
6.43197e+07 1.52843e+06 2.0186e+06 -13776.096061 
22
6.0754e+07 1.36352e+06 1.79296e+06 -92440.047719 
23
5.75888e+07 1.20722e+06 1.58241e+06 -163099.955948 
24
5.4781e+07 1.07211e+06 1.38593e+06 -226924.894011 
25
5.22973e+07 943825 1.20226e+06 -285442.381502 
26
5.01139e+07 825628 1.02986e+06 -339480.653585 
27
4.82006e+07 718748 866504 -391343.207341 
28
4.65418e+07 613051 709819 -441453.922752 
29
4.51134e+07 511660 556406 -491361.073950 
30
4.39208e+07 415146 402319 -542305.904429 
31
4.29552e+07 305126 241954 -596127.928376 
32
4.22293e+07 186564 66978.7 -652868.914732 
33
4.17795e+07 51266.9 -135385 -711403.192557 
34
4.1668e+07 -129866 -386682 -768071.560108 
35
4.20167e+07 -385571 -729749 -812403.838059 
36
4.31389e+07 -783282 -1.24078e+06 -762912.471648 
37
4.55899e+07 -1.59171e+06 -2.20972e+06 -585222.220139 
38
5.24996e+07 -2.95808e+06 -3.88285e+06 1654333.725123 
39
6.89561e+07 -1.03033e+07 -1.19713e+07 4659646.369931 
40
9.67615e+07 -2.55831e+07 -2.8348e+07 43598146.999912 
41
4.02172e+08 1.75709e+08 1.08432e+08 183965955.000044 
42
3.42607e+08 8.6674e+07 6.46039e+07 24330582.189467 
43
3.29323e+08 5.52351e+07 4.08342e+07 21249815.080117 
44
2.79906e+08 3.60731e+07 2.57991e+07 9381051.049967 
45
2.45429e+08 2.71749e+07 1.99272e+07 4982679.318407 
46
2.19026e+08 2.1828e+07 1.67337e+07 2915959.460669 
47
1.97715e+08 1.83631e+07 1.48664e+07 1943254.960410 
48
1.79831e+08 1.58898e+07 1.35807e+07 1456737.380552 
49
1.64406e+08 1.40155e+07 1.25756e+07 1206602.079780 
50
1.50845e+08 1.24676e+07 1.17028e+07 1068611.580652 
51
1.38824e+08 1.11852e+07 1.08984e+07 988789.350525 
52
1.28075e+08 1.00628e+07 1.01306e+07 934333.097807 
53
1.18427e+08 9.0867e+06 9.38814e+06 892402.086788 
54
1.09745e+08 8.21095e+06 8.66819e+06 853721.112323 
55
1.01919e+08 7.41019e+06 7.97182e+06 814321.879702 
56
9.48598e+07 6.69759e+06 7.30187e+06 774890.799606 
57
8.85039e+07 6.04188e+06 6.66213e+06 732982.083992 
58
8.27758e+07 5.43697e+06 6.05442e+06 689565.453647 
59
7.76351e+07 4.89682e+06 5.4818e+06 646745.655988 
60
7.30132e+07 4.39147e+06 4.94396e+06 602870.159371 
61
6.8871e+07 3.93077e+06 4.44152e+06 560274.794189 
62
6.51672e+07 3.5144e+06 3.97388e+06 519563.403228 
63
6.18631e+07 3.13322e+06 3.53967e+06 481009.292934 
64
5.89243e+07 2.78218e+06 3.13682e+06 445425.264716 
65
5.63261e+07 2.46112e+06 2.7631e+06 413286.842189 
66
5.40355e+07 2.16444e+06 2.41502e+06 384814.820353 
67
5.20302e+07 1.89363e+06 2.08893e+06 361496.664317 
68
5.02971e+07 1.6365e+06 1.78059e+06 343582.993204 
69
4.88177e+07 1.39476e+06 1.48442e+06 332827.830460 
70
4.75901e+07 1.15861e+06 1.19393e+06 330331.840488 
71
4.66098e+07 917583 900172 339459.517218 
72
4.58934e+07 662831 591325 364289.372209 
73
4.5463e+07 383380 249729 413402.698163 
74
4.53735e+07 51712.5 -151742 500494.189760 
75
4.57094e+07 -372038 -658671 652186.312104 
76
4.66252e+07 -966104 -1.35171e+06 921865.446715 
77
4.83876e+07 -1.88584e+06 -2.39745e+06 1428468.710117 
78
5.13944e+07 -3.40647e+06 -4.09496e+06 2405121.204435 
79
5.6022e+07 -6.47405e+06 -7.43731e+06 4526404.496348 
80
5.50106e+07 -1.09249e+07 -1.19504e+07 5707657.470097 
81
6.09811e+07 -1.75509e+07 -1.87054e+07 27490676.360293 
82
2.80505e+08 1.41124e+08 8.71649e+07 135716302.900541 
83
2.60944e+08 1.10174e+08 7.71778e+07 68430619.609469 
84
2.5505e+08 8.39277e+07 6.48057e+07 26214283.780019 
85
2.4187e+08 6.37955e+07 5.0486e+07 15499586.339339 
86
2.20102e+08 5.00169e+07 4.06322e+07 8982472.720204 
87
2.00155e+08 4.11422e+07 3.44401e+07 5755119.089608 
88
1.82607e+08 3.4947e+07 3.01686e+07 4047419.300017 
89
1.67319e+08 3.03889e+07 2.70162e+07 3138527.860400 
90
1.5386e+08 2.68329e+07 2.45051e+07 2638445.489614 
91
1.41932e+08 2.39013e+07 2.23883e+07 2347281.199315 
92
1.31267e+08 2.14657e+07 2.05227e+07 2170649.880236 
93
1.217e+08 1.93296e+07 1.88327e+07 2044631.559293 
94
1.13097e+08 1.7448e+07 1.72757e+07 1944596.439917 
95
1.05322e+08 1.57786e+07 1.5823e+07 1855720.889904 
96
9.83044e+07 1.42533e+07 1.44644e+07 1765978.379451 
97
9.19704e+07 1.28785e+07 1.31915e+07 1676464.669372 
98
8.62428e+07 1.16256e+07 1.19981e+07 1584987.219902 
99
8.10776e+07 1.04764e+07 1.08825e+07 1491262.669593 
100
7.64164e+07 9.43412e+06 9.84093e+06 1398386.110289 
101
7.22307e+07 8.47363e+06 8.87263e+06 1305467.689308 
102
6.84732e+07 7.59033e+06 7.97343e+06 1214394.792678 
103
6.51067e+07 6.78621e+06 7.13955e+06 1127604.954626 
104
6.21021e+07 6.04266e+06 6.36732e+06 1045069.605047 
105
5.94352e+07 5.36688e+06 5.65232e+06 969932.611583 
106
5.70751e+07 4.74575e+06 4.98853e+06 902331.249534 
107
5.5e+07 4.17273e+06 4.36964e+06 843589.767315 
108
5.31979e+07 3.63511e+06 3.78907e+06 794826.693230 
109
5.16497e+07 3.13011e+06 3.23805e+06 758430.509599 
110
5.03512e+07 2.64255e+06 2.70676e+06 736717.853480 
111
4.9294e+07 2.1675e+06 2.18252e+06 734588.774312 
112
4.84866e+07 1.68889e+06 1.64953e+06 756614.412156 
113
4.79409e+07 1.17421e+06 1.08599e+06 813087.347490 
114
4.76747e+07 609975 460846 919195.403084 
115
4.77244e+07 -59523.8 -271884 1100639.670640 
116
4.81493e+07 -895986 -1.18347e+06 1402777.669791 
117
4.89934e+07 -2.01113e+06 -2.39035e+06 1907833.849846 
118
5.0268e+07 -3.59517e+06 -4.07337e+06 2766504.972137 
119
5.17521e+07 -5.93357e+06 -6.53773e+06 4284542.411603 
120
5.19241e+07 -9.09724e+06 -9.79273e+06 6753317.456555 
121
5.15474e+07 -1.2303e+07 -1.30362e+07 13841842.179294 
122
5.39298e+07 -1.38015e+07 -1.4602e+07 24289482.000208 
123
2.03152e+08 1.16896e+08 7.57244e+07 104023261.600553 
124
1.9861e+08 1.02723e+08 7.23338e+07 72187815.649834 
125
2.00554e+08 9.25189e+07 7.19829e+07 41320053.140215 
126
1.96677e+08 7.81745e+07 6.38564e+07 23432945.689370 
127
1.87559e+08 6.5676e+07 5.52467e+07 15044494.310305 
128
1.75366e+08 5.58157e+07 4.82192e+07 10284613.350387 
129
1.63014e+08 4.83323e+07 4.27564e+07 7628126.160006 
130
1.51309e+08 4.24902e+07 3.83897e+07 6088853.540252 
131
1.40518e+08 3.77269e+07 3.47738e+07 5165133.379842 
132
1.30685e+08 3.37694e+07 3.16766e+07 4587493.369362 
133
1.21749e+08 3.03663e+07 2.89446e+07 4197393.220177 
134
1.13624e+08 2.74207e+07 2.64802e+07 3915692.980446 
135
1.06248e+08 2.47878e+07 2.42268e+07 3684368.729890 
136
9.95528e+07 2.2445e+07 2.21469e+07 3483733.719958 
137
9.34681e+07 2.02955e+07 2.02143e+07 3290494.759456 
138
8.79523e+07 1.83567e+07 1.84163e+07 3105540.840263 
139
8.29519e+07 1.65955e+07 1.67412e+07 2924455.660481 
140
7.84282e+07 1.49784e+07 1.51817e+07 2744322.830344 
141
7.43399e+07 1.34735e+07 1.37311e+07 2562632.729605 
142
7.0653e+07 1.21212e+07 1.23833e+07 2391023.940255 
143
6.73424e+07 1.08644e+07 1.11339e+07 2222474.760414 
144
6.43663e+07 9.7158e+06 9.97429e+06 2063027.579881 
145
6.17186e+07 8.66303e+06 8.90096e+06 1914721.139562 
146
5.9356e+07 7.69372e+06 7.90355e+06 1778526.387334 
147
5.72727e+07 6.79333e+06 6.97616e+06 1655885.645590 
148
5.54509e+07 5.95849e+06 6.10953e+06 1549937.485517 
149
5.38702e+07 5.17855e+06 5.29262e+06 1463324.467221 
150
5.2521e+07 4.43602e+06 4.51389e+06 1398960.561993 
151
5.14063e+07 3.72604e+06 3.7601e+06 1363394.575919 
152
5.05132e+07 3.01789e+06 3.01351e+06 1360270.809912 
153
4.98431e+07 2.30713e+06 2.25284e+06 1403025.290408 
154
4.94106e+07 1.55165e+06 1.45027e+06 1505305.464464 
155
4.92144e+07 723752 568283 1692081.425052 
156
4.92657e+07 -233365 -444476 2002896.757358 
157
4.95629e+07 -1.38122e+06 -1.65899e+06 2503431.204729 
158
5.00539e+07 -2.81782e+06 -3.16662e+06 3303712.244440 
159
5.05888e+07 -4.64486e+06 -5.07228e+06 4600443.553630 
160
5.07509e+07 -6.87797e+06 -7.37976e+06 6695127.379495 
161
5.03737e+07 -9.22997e+06 -9.78868e+06 10476561.660301 
162
4.95356e+07 -1.07716e+07 -1.13688e+07 16099628.389535 
163
5.05603e+07 -1.14689e+07 -1.20966e+07 22758768.479557 
164
1.49121e+08 9.8831e+07 6.80949e+07 80843295.239453 
165
1.49745e+08 9.24346e+07 6.74374e+07 65394786.859520 
166
1.55328e+08 9.02552e+07 7.15381e+07 46075134.240623 
167
1.56751e+08 8.27779e+07 6.89586e+07 30832459.300141 
168
1.5402e+08 7.37772e+07 6.33936e+07 21207565.550635 
169
1.4828e+08 6.52207e+07 5.74306e+07 15502885.260534 
170
1.40884e+08 5.79113e+07 5.19739e+07 12035519.600158 
171
1.32986e+08 5.1639e+07 4.71897e+07 9869473.309557 
172
1.25157e+08 4.63073e+07 4.29966e+07 8483372.209811 
173
1.17677e+08 4.17103e+07 3.9279e+07 7557388.679249 
174
1.10663e+08 3.77298e+07 3.59371e+07 6910021.840693 
175
1.0416e+08 3.41413e+07 3.28977e+07 6404470.440406 
176
9.81595e+07 3.09591e+07 3.01044e+07 5996470.140605 
177
9.26476e+07 2.80698e+07 2.75218e+07 5635003.019724 
178
8.75986e+07 2.54603e+07 2.51239e+07 5305155.180264 
179
8.29963e+07 2.30404e+07 2.28959e+07 4982816.680533 
180
7.87908e+07 2.08471e+07 2.08189e+07 4676597.159387 
181
7.49767e+07 1.88303e+07 1.88882e+07 4377760.329675 
182
7.15139e+07 1.69868e+07 1.70916e+07 4089844.080385 
183
6.83894e+07 1.52764e+07 1.54238e+07 3808288.310188 
184
6.5562e+07 1.3715e+07 1.38729e+07 3542135.789642 
185
6.30321e+07 1.22627e+07 1.24353e+07 3286898.579974 
186
6.07616e+07 1.09302e+07 1.10986e+07 3051330.220251 
187
5.87516e+07 9.70557e+06 9.85712e+06 2837185.632387 
188
5.69742e+07 8.56573e+06 8.69823e+06 2645384.219301 
189
5.54164e+07 7.50693e+06 7.61089e+06 2482104.094226 
190
5.40793e+07 6.50538e+06 6.58424e+06 2347255.787420 
191
5.29428e+07 5.55499e+06 5.60234e+06 2248572.958452 
192
5.20001e+07 4.63814e+06 4.64851e+06 2194666.307848 
193
5.12581e+07 3.7336e+06 3.70443e+06 2193802.323772 
194
5.07073e+07 2.80933e+06 2.74538e+06 2257992.610105 
195
5.03387e+07 1.84754e+06 1.74213e+06 2413595.425110 
196
5.0154e+07 813145 658835 2691301.278056 
197
5.0128e+07 -342999 -547516 3141326.682429 
198
5.02197e+07 -1.66503e+06 -1.92604e+06 3841771.363783 
199
5.03409e+07 -3.19785e+06 -3.51897e+06 4910992.527411 
200
5.03299e+07 -4.94956e+06 -5.32458e+06 6542077.407490 
201
5.00137e+07 -6.79203e+06 -7.22049e+06 9028811.690290 
202
4.93089e+07 -8.40105e+06 -8.8674e+06 12588010.511892 
203
4.82974e+07 -9.37312e+06 -9.85349e+06 16971474.324454 
204
4.89855e+07 -9.73308e+06 -1.02434e+07 22064312.360663 
205
1.07952e+08 8.45535e+07 6.23244e+07 62345458.599482 
206
1.11005e+08 8.22123e+07 6.27523e+07 56375404.940367 
207
1.17845e+08 8.43719e+07 6.87783e+07 45212217.319321 
208
1.21945e+08 8.16675e+07 6.94485e+07 34389265.280040 
209
1.23029e+08 7.63155e+07 6.67444e+07 26082005.590526 
210
1.21501e+08 6.99555e+07 6.25033e+07 20342932.760205 
211
1.18108e+08 6.3621e+07 5.78464e+07 16526728.520219 
212
1.1363e+08 5.77861e+07 5.32899e+07 13983376.019996 
213
1.0865e+08 5.24336e+07 4.90087e+07 12234720.700603 
214
1.03544e+08 4.76577e+07 4.50435e+07 11001624.899846 
215
9.85109e+07 4.33615e+07 4.13708e+07 10087579.840443 
216
9.36857e+07 3.94274e+07 3.79696e+07 9354948.780476 
217
8.91323e+07 3.58777e+07 3.48105e+07 8745847.680184 
218
8.48779e+07 3.26307e+07 3.18696e+07 8205940.400285 
219
8.09277e+07 2.96385e+07 2.91262e+07 7703161.220589 
220
7.72783e+07 2.68944e+07 2.65652e+07 7229908.139955 
221
7.39303e+07 2.43551e+07 2.41779e+07 6771229.940618 
222
7.08626e+07 2.20433e+07 2.19512e+07 6336994.200601 
223
6.80699e+07 1.98835e+07 1.98783e+07 5909834.089603 
224
6.5538e+07 1.79071e+07 1.79504e+07 5504887.030599 
225
6.3243e+07 1.60806e+07 1.61559e+07 5119021.880110 
226
6.11743e+07 1.43992e+07 1.44866e+07 4757311.420392 
227
5.93289e+07 1.28391e+07 1.2935e+07 4420355.589993 
228
5.76822e+07 1.13887e+07 1.14871e+07 4112436.920184 
229
5.62258e+07 1.00519e+07 1.01328e+07 3842876.479538 
230
5.49599e+07 8.79322e+06 8.86058e+06 3608307.958678 
231
5.38649e+07 7.61158e+06 7.65441e+06 3420842.910534 
232
5.29449e+07 6.47959e+06 6.5004e+06 3281451.017696 
233
5.21822e+07 5.38801e+06 5.3792e+06 3205415.557377 
234
5.15752e+07 4.30949e+06 4.27123e+06 3199824.390377 
235
5.11209e+07 3.23026e+06 3.1536e+06 3288930.871105 
236
5.08022e+07 2.10802e+06 2.00015e+06 3495097.289912 
237
5.0598e+07 934256 781507 3856901.781057 
238
5.04789e+07 -335353 -530087 4428089.862189 
239
5.03868e+07 -1.71535e+06 -1.95652e+06 5281915.594971 
240
5.02426e+07 -3.21062e+06 -3.49487e+06 6536201.609920 
241
4.99351e+07 -4.75934e+06 -5.09035e+06 8322678.437943 
242
4.9389e+07 -6.23838e+06 -6.59953e+06 10788236.664172 
243
4.85785e+07 -7.4059e+06 -7.80242e+06 13908042.444023 
244
4.7567e+07 -8.07528e+06 -8.48279e+06 17456189.383895 
245
4.80925e+07 -8.30687e+06 -8.74279e+06 21646879.265375 
246
7.51967e+07 7.2814e+07 5.74918e+07 46957870.920428 
247
7.94655e+07 7.27944e+07 5.83925e+07 47039198.800616 
248
8.6586e+07 7.74006e+07 6.51016e+07 41745464.900127 
249
9.19533e+07 7.77403e+07 6.76035e+07 35074074.060050 
250
9.52372e+07 7.52066e+07 6.69675e+07 28976423.400136 
251
9.64768e+07 7.10807e+07 6.43936e+07 24165093.340692 
252
9.60052e+07 6.6203e+07 6.08277e+07 20591624.989872 
253
9.43162e+07 6.11045e+07 5.68817e+07 17974221.060219 
254
9.18349e+07 5.62499e+07 5.28721e+07 16085209.720376 
255
8.89122e+07 5.16105e+07 4.89603e+07 14649201.390116 
256
8.57836e+07 4.7246e+07 4.52123e+07 13515234.000299 
257
8.26056e+07 4.32333e+07 4.16555e+07 12590895.279487 
258
7.94964e+07 3.94739e+07 3.83015e+07 11780706.499671 
259
7.65036e+07 3.60276e+07 3.51428e+07 11061185.700480 
260
7.36624e+07 3.27956e+07 3.2172e+07 10379321.819968 
261
7.10061e+07 2.98329e+07 2.93887e+07 9742445.709978 
262
6.85276e+07 2.70833e+07 2.67789e+07 9129448.109701 
263
6.62409e+07 2.45351e+07 2.43395e+07 8538506.489301 
264
6.41356e+07 2.21701e+07 2.20597e+07 7968297.320105 
265
6.2219e+07 1.99842e+07 1.99356e+07 7423973.460086 
266
6.0473e+07 1.79533e+07 1.79542e+07 6905229.610047 
267
5.88963e+07 1.6095e+07 1.61079e+07 6426682.950002 
268
5.74752e+07 1.43505e+07 1.43845e+07 5976086.439691 
269
5.62155e+07 1.27315e+07 1.27761e+07 5566912.820546 
270
5.51035e+07 1.12303e+07 1.12685e+07 5208267.630631 
271
5.41272e+07 9.81399e+06 9.84723e+06 4896596.756309 
272
5.32912e+07 8.483e+06 8.49954e+06 4647880.580335 
273
5.25842e+07 7.21481e+06 7.20861e+06 4466645.512065 
274
5.19939e+07 5.98007e+06 5.9562e+06 4359090.454636 
275
5.15221e+07 4.7779e+06 4.72454e+06 4349455.574576 
276
5.11575e+07 3.57509e+06 3.49333e+06 4453150.847377 
277
5.08721e+07 2.3506e+06 2.24055e+06 4698196.972046 
278
5.06561e+07 1.09521e+06 948199 5123006.385163 
279
5.04665e+07 -219641 -397168 5772796.672441 
280
5.025e+07 -1.57754e+06 -1.79573e+06 6724783.120027 
281
4.99467e+07 -2.96912e+06 -3.22023e+06 8047973.010226 
282
4.94977e+07 -4.31924e+06 -4.60325e+06 9836674.526577 
283
4.88628e+07 -5.51719e+06 -5.82847e+06 12116024.439287 
284
4.80433e+07 -6.42096e+06 -6.7554e+06 14834339.045646 
285
4.70895e+07 -6.93112e+06 -7.27477e+06 17805006.759581 
286
4.75273e+07 -7.10555e+06 -7.46819e+06 21398739.735759 
287
4.83785e+07 6.2963e+07 5.31489e+07 33875362.009282 
288
5.33804e+07 6.42105e+07 5.42798e+07 38068033.169243 
289
6.02932e+07 7.01112e+07 6.10465e+07 37052340.579698 
290
6.61695e+07 7.24341e+07 6.44864e+07 33931399.580493 
291
7.07027e+07 7.19819e+07 6.52354e+07 30223563.480362 
292
7.37121e+07 6.96503e+07 6.39989e+07 26773988.220501 
293
7.53134e+07 6.61937e+07 6.15057e+07 23888307.359821 
294
7.57644e+07 6.21633e+07 5.83141e+07 21581421.549403 
295
7.53438e+07 5.78885e+07 5.47818e+07 19733455.940666 
296
7.43227e+07 5.36397e+07 5.11356e+07 18246770.879570 
297
7.2919e+07 4.95244e+07 4.751e+07 17013149.120092 
298
7.12919e+07 4.55543e+07 4.39772e+07 15936199.559613 
299
6.95557e+07 4.17992e+07 4.0579e+07 14971254.550518 
300
6.77901e+07 3.82964e+07 3.73354e+07 14089660.939892 
301
6.60505e+07 3.49777e+07 3.4259e+07 13244832.760003 
302
6.43615e+07 3.18761e+07 3.13477e+07 12436384.920167 
303
6.27642e+07 2.89801e+07 2.861e+07 11655926.400447 
304
6.12548e+07 2.631e+07 2.60353e+07 10914060.640140 
305
5.98472e+07 2.38021e+07 2.36215e+07 10190123.879806 
306
5.85491e+07 2.1492e+07 2.13639e+07 9506829.929909 
307
5.73601e+07 1.93186e+07 1.92543e+07 8847417.500551 
308
5.62844e+07 1.73242e+07 1.72851e+07 8239840.070475 
309
5.5308e+07 1.54484e+07 1.54421e+07 7668881.099966 
310
5.44338e+07 1.37179e+07 1.37161e+07 7158162.059826 
311
5.36611e+07 1.20963e+07 1.20959e+07 6704487.770349 
312
5.29884e+07 1.05643e+07 1.05676e+07 6310087.990470 
313
5.24083e+07 9.12413e+06 9.11672e+06 5994837.875224 
314
5.19098e+07 7.75292e+06 7.72688e+06 5763009.549521 
315
5.15018e+07 6.42864e+06 6.38414e+06 5626167.365626 
316
5.11587e+07 5.13417e+06 5.06891e+06 5600407.457568 
317
5.08792e+07 3.85408e+06 3.76706e+06 5701426.027656 
318
5.06447e+07 2.57206e+06 2.46359e+06 5966361.399061 
319
5.04297e+07 1.28268e+06 1.1479e+06 6425134.890016 
320
5.02005e+07 -15952.2 -182000 7120568.469462 
321
4.99163e+07 -1.31923e+06 -1.51318e+06 8095166.156053 
322
4.95435e+07 -2.5879e+06 -2.81099e+06 9415062.727451 
323
4.90365e+07 -3.76417e+06 -4.01287e+06 11100718.790713 
324
4.83901e+07 -4.76191e+06 -5.03387e+06 13156914.630236 
325
4.76086e+07 -5.50184e+06 -5.78484e+06 15536368.685722 
326
4.67355e+07 -5.91527e+06 -6.20473e+06 18080301.569358 
327
4.71139e+07 -6.05158e+06 -6.36011e+06 21216041.769240 
328
2.60277e+07 5.45145e+07 4.90545e+07 22576248.699823 
329
3.14384e+07 5.6593e+07 5.0238e+07 29814130.890045 
330
3.79683e+07 6.30328e+07 5.67453e+07 31971421.610088 
331
4.40243e+07 6.64918e+07 6.06682e+07 31724635.570045 
332
4.92028e+07 6.74879e+07 6.2251e+07 30258612.729668 
333
5.33471e+07 6.65705e+07 6.20235e+07 28330378.979680 
334
5.63394e+07 6.43864e+07 6.0402e+07 26405510.010108 
335
5.84139e+07 6.12955e+07 5.7985e+07 24613105.320039 
336
5.96305e+07 5.77647e+07 5.50078e+07 23030840.999826 
337
6.02125e+07 5.40511e+07 5.17584e+07 21650309.100218 
338
6.03096e+07 5.02475e+07 4.83869e+07 20396638.740165 
339
6.00746e+07 4.65508e+07 4.50123e+07 19267959.749900 
340
5.96101e+07 4.2888e+07 4.16979e+07 18178560.450300 
341
5.8996e+07 3.94311e+07 3.84843e+07 17162235.499450 
342
5.82926e+07 3.61448e+07 3.53983e+07 16179771.400466 
343
5.75461e+07 3.30353e+07 3.24566e+07 15222924.799973 
344
5.6793e+07 3.01142e+07 2.96701e+07 14294740.170607 
345
5.60511e+07 2.73758e+07 2.70392e+07 13394417.840396 
346
5.53322e+07 2.47921e+07 2.45614e+07 12514007.299540 
347
5.46515e+07 2.2399e+07 2.22354e+07 11680327.680324 
348
5.40147e+07 2.01723e+07 2.00549e+07 10891496.189731 
349
5.34311e+07 1.80977e+07 1.80139e+07 10151834.089357 
350
5.28918e+07 1.61589e+07 1.6099e+07 9466487.100554 
351
5.24102e+07 1.43448e+07 1.43041e+07 8843176.639368 
352
5.19806e+07 1.26478e+07 1.26154e+07 8290941.249408 
353
5.16002e+07 1.10431e+07 1.10194e+07 7809915.879665 
354
5.12753e+07 9.53504e+06 9.50575e+06 7423796.479297 
355
5.09944e+07 8.09617e+06 8.05762e+06 7135204.708124 
356
5.07569e+07 6.71675e+06 6.66141e+06 6957798.912765 
357
5.05505e+07 5.37221e+06 5.30374e+06 6906012.216131 
358
5.03678e+07 4.06003e+06 3.97273e+06 7000744.300578 
359
5.01915e+07 2.77063e+06 2.65816e+06 7265812.479697 
360
4.99951e+07 1.48505e+06 1.35601e+06 7729428.811617 
361
4.97626e+07 223706 73321 8417228.774099 
362
4.94651e+07 -998422 -1.17364e+06 9378554.847904 
363
4.90707e+07 -2.1502e+06 -2.34966e+06 10624227.300156 
364
4.85664e+07 -3.18804e+06 -3.40387e+06 12185821.659311 
365
4.79447e+07 -4.04315e+06 -4.2743e+06 14021332.196028 
366
4.72269e+07 -4.66453e+06 -4.90391e+06 16087996.838227 
367
4.64387e+07 -5.00691e+06 -5.25583e+06 18288398.147855 
368
4.67693e+07 -5.12841e+06 -5.38672e+06 21064220.635585 
369
7.18621e+06 4.71486e+07 4.50746e+07 12748366.442214 
370
1.28666e+07 4.9664e+07 4.62603e+07 22256673.600375 
371
1.89809e+07 5.6276e+07 5.23634e+07 26883811.780437 
372
2.49654e+07 6.03585e+07 5.6394e+07 28979417.090686 
373
3.04713e+07 6.23036e+07 5.84775e+07 29491075.600588 
374
3.52741e+07 6.24177e+07 5.8895e+07 29057985.060718 
375
3.92816e+07 6.11572e+07 5.80325e+07 28146470.970585 
376
4.2498e+07 5.89795e+07 5.62514e+07 27050900.240330 
377
4.49875e+07 5.62038e+07 5.38303e+07 25899951.569955 
378
4.68614e+07 5.30241e+07 5.10197e+07 24725622.049307 
379
4.82211e+07 4.96641e+07 4.79759e+07 23570463.359751 
380
4.92353e+07 4.62642e+07 4.48839e+07 22441997.840527 
381
4.98872e+07 4.28841e+07 4.17282e+07 21323421.389436 
382
5.03238e+07 3.95579e+07 3.86362e+07 20201677.109472 
383
5.05927e+07 3.64007e+07 3.56352e+07 19115949.100152 
384
5.07336e+07 3.33435e+07 3.27466e+07 18019433.349674 
385
5.07844e+07 3.04494e+07 2.9988e+07 16944474.199488 
386
5.07707e+07 2.77204e+07 2.73678e+07 15895042.379304 
387
5.07144e+07 2.51535e+07 2.48907e+07 14876580.969969 
388
5.06331e+07 2.27696e+07 2.25573e+07 13912237.419380 
389
5.05322e+07 2.05208e+07 2.03611e+07 12983976.650362 
390
5.04276e+07 1.84152e+07 1.82994e+07 12110915.179755 
391
5.03218e+07 1.64486e+07 1.63632e+07 11303884.160008 
392
5.02222e+07 1.46056e+07 1.45434e+07 10569489.059444 
393
5.01244e+07 1.28795e+07 1.28282e+07 9917902.759625 
394
5.00428e+07 1.1253e+07 1.12091e+07 9356592.379675 
395
4.99621e+07 9.71291e+06 9.66983e+06 8895413.159243 
396
4.98953e+07 8.25127e+06 8.20121e+06 8546223.168355 
397
4.98296e+07 6.85036e+06 6.79064e+06 8320561.791361 
398
4.97571e+07 5.49868e+06 5.42636e+06 8233292.607097 
399
4.96775e+07 4.18705e+06 4.10059e+06 8301850.679530 
400
4.95682e+07 2.91518e+06 2.80792e+06 8546654.499812 
401
4.9422e+07 1.66866e+06 1.54878e+06 8989281.573446 
402
4.92157e+07 466371 332305 9653684.749712 
403
4.89308e+07 -666640 -823458 10550080.612112 
404
4.85522e+07 -1.71487e+06 -1.88612e+06 11710771.100485 
405
4.80785e+07 -2.62984e+06 -2.81923e+06 13110322.679714 
406
4.7513e+07 -3.38107e+06 -3.57487e+06 14752130.490154 
407
4.68635e+07 -3.91198e+06 -4.11618e+06 16560875.163338 
408
4.61587e+07 -4.20664e+06 -4.4154e+06 18480343.274334 
409
4.64522e+07 -4.31752e+06 -4.52921e+06 20924691.555753 
410
-8.79507e+06 4.06902e+07 4.11324e+07 4178174.687534 
411
-2.94845e+06 4.33913e+07 4.22746e+07 15444609.800281 
412
2.75699e+06 4.98598e+07 4.79108e+07 21997130.809370 
413
8.57922e+06 5.42359e+07 5.18698e+07 26020636.910446 
414
1.41994e+07 5.66948e+07 5.4148e+07 28208145.020707 
415
1.94168e+07 5.75468e+07 5.50228e+07 29168824.079320 
416
2.40674e+07 5.70485e+07 5.46726e+07 29301724.260453 
417
2.81239e+07 5.56501e+07 5.34296e+07 28979238.999872 
418
3.15813e+07 5.35051e+07 5.15136e+07 28320176.700585 
419
3.44921e+07 5.08494e+07 4.91488e+07 27442416.310179 
420
3.69101e+07 4.79747e+07 4.64817e+07 26474385.750615 
421
3.8923e+07 4.49208e+07 4.36598e+07 25408511.689626 
422
4.05785e+07 4.18146e+07 4.07571e+07 24281418.959242 
423
4.19547e+07 3.87417e+07 3.78599e+07 23121460.950067 
424
4.31383e+07 3.57369e+07 3.50429e+07 21937002.529497 
425
4.40829e+07 3.28456e+07 3.22662e+07 20748761.160458 
426
4.48723e+07 3.00496e+07 2.95958e+07 19544755.199372 
427
4.5545e+07 2.74175e+07 2.70516e+07 18373371.460119 
428
4.61156e+07 2.49363e+07 2.4635e+07 17235390.300310 
429
4.65997e+07 2.25727e+07 2.23479e+07 16118919.679891 
430
4.70159e+07 2.03546e+07 2.0191e+07 15055764.000530 
431
4.73707e+07 1.82938e+07 1.8158e+07 14069343.390535 
432
4.76749e+07 1.63432e+07 1.62443e+07 13141896.000596 
433
4.79398e+07 1.45334e+07 1.44434e+07 12312105.560427 
434
4.81708e+07 1.28151e+07 1.27454e+07 11560011.639589 
435
4.83661e+07 1.12003e+07 1.11388e+07 10911191.930580 
436
4.85326e+07 9.67257e+06 9.61413e+06 10374067.719889 
437
4.8671e+07 8.22087e+06 8.16158e+06 9959631.752360 
438
4.8774e+07 6.84145e+06 6.77024e+06 9689212.165786 
439
4.88421e+07 5.51032e+06 5.43337e+06 9556867.086485 
440
4.88673e+07 4.23432e+06 4.14294e+06 9587418.045509 
441
4.88411e+07 3.00124e+06 2.89858e+06 9795639.688442 
442
4.87521e+07 1.81236e+06 1.70336e+06 10187995.250095 
443
4.85936e+07 687162 566180 10798894.394007 
444
4.83454e+07 -359509 -495726 11629226.185331 
445
4.80112e+07 -1.30533e+06 -1.45606e+06 12667786.270359 
446
4.75909e+07 -2.12581e+06 -2.28402e+06 13931226.899511 
447
4.70832e+07 -2.77955e+06 -2.94775e+06 15368575.199985 
448
4.65087e+07 -3.24628e+06 -3.41835e+06 16966030.960697 
449
4.58887e+07 -3.50302e+06 -3.67513e+06 18642786.296132 
450
4.6144e+07 -3.5972e+06 -3.77503e+06 20788201.977832 
451
-2.23837e+07 3.49489e+07 3.71844e+07 -3292211.563213 
452
-1.64399e+07 3.76734e+07 3.82679e+07 9365708.627542 
453
-1.11138e+07 4.38152e+07 4.33413e+07 17459811.000018 
454
-5.50637e+06 4.81923e+07 4.70487e+07 23034924.240252 
455
126504 5.09274e+07 4.94515e+07 26665865.459505 
456
5.56347e+06 5.22239e+07 5.0552e+07 28852535.640168 
457
1.06641e+07 5.23141e+07 5.06182e+07 29994631.289528 
458
1.5328e+07 5.14498e+07 4.97969e+07 30404293.309708 
459
1.95102e+07 4.98524e+07 4.83087e+07 30278959.559936 
460
2.32355e+07 4.77478e+07 4.6357e+07 29788449.939370 
461
2.65136e+07 4.53081e+07 4.40663e+07 29045309.400711 
462
2.93919e+07 4.26615e+07 4.15738e+07 28114635.419658 
463
3.19081e+07 3.9877e+07 3.89601e+07 27028869.359923 
464
3.41112e+07 3.71013e+07 3.63086e+07 25872530.949453 
465
3.60025e+07 3.43164e+07 3.36326e+07 24626672.490409 
466
3.76865e+07 3.16103e+07 3.10402e+07 23350284.000718 
467
3.91732e+07 2.89945e+07 2.85338e+07 22054283.769852 
468
4.04703e+07 2.65001e+07 2.61169e+07 20768758.239491 
469
4.1657e+07 2.41229e+07 2.38359e+07 19501154.360299 
470
4.26559e+07 2.18825e+07 2.16383e+07 18278418.400626 
471
4.35455e+07 1.97446e+07 1.95635e+07 17088139.309638 
472
4.4337e+07 1.77532e+07 1.76077e+07 15981544.410009 
473
4.50311e+07 1.58691e+07 1.57606e+07 14941178.599496 
474
4.56445e+07 1.41141e+07 1.40204e+07 14006978.220560 
475
4.61768e+07 1.24511e+07 1.2375e+07 13159632.170059 
476
4.66454e+07 1.08935e+07 1.0821e+07 12435020.629464 
477
4.70446e+07 9.41057e+06 9.3467e+06 11820958.112828 
478
4.73752e+07 8.00398e+06 7.94239e+06 11339335.843677 
479
4.76474e+07 6.6775e+06 6.60297e+06 11013572.768239 
480
4.78552e+07 5.39858e+06 5.32207e+06 10829571.842499 
481
4.79886e+07 4.17666e+06 4.09327e+06 10811823.487479 
482
4.80531e+07 3.01118e+06 2.91924e+06 10971940.161496 
483
4.80376e+07 1.90141e+06 1.80366e+06 11320123.689986 
484
4.79311e+07 861735 754911 11864728.750533 
485
4.77445e+07 -92203.6 -211571 12595365.293208 
486
4.7463e+07 -943967 -1.07442e+06 13533855.848376 
487
4.70961e+07 -1.67319e+06 -1.8095e+06 14641197.179696 
488
4.66593e+07 -2.25263e+06 -2.39528e+06 15917528.440110 
489
4.61588e+07 -2.66008e+06 -2.8062e+06 17298332.529369 
490
4.56143e+07 -2.88356e+06 -3.02635e+06 18779373.678356 
491
4.58386e+07 -2.96906e+06 -3.11469e+06 20635203.763867 
492
-3.3916e+07 2.97994e+07 3.32064e+07 -9774008.440432 
493
-2.79013e+07 3.24272e+07 3.4176e+07 3993656.981593 
494
-2.29289e+07 3.81017e+07 3.87226e+07 13324880.650235 
495
-1.75447e+07 4.23017e+07 4.21462e+07 20175288.230506 
496
-1.19758e+07 4.5101e+07 4.44513e+07 25016508.739553 
497
-6.41998e+06 4.66434e+07 4.56473e+07 28279320.249904 
498
-1.04628e+06 4.70994e+07 4.59408e+07 30317807.249892 
499
4.04528e+06 4.66724e+07 4.54751e+07 31442724.600241 
500
8.78269e+06 4.55464e+07 4.43582e+07 31871545.639183 
501
1.31316e+07 4.38916e+07 4.27632e+07 31773496.680184 
502
1.70967e+07 4.18765e+07 4.08378e+07 31294448.489368 
503
2.06815e+07 3.96029e+07 3.86718e+07 30518827.699610 
504
2.39217e+07 3.71864e+07 3.63742e+07 29530539.040566 
505
2.68027e+07 3.46657e+07 3.39636e+07 28355686.619407 
506
2.94127e+07 3.21808e+07 3.15735e+07 27107850.240203 
507
3.17564e+07 2.97028e+07 2.92115e+07 25764367.370612 
508
3.38501e+07 2.73229e+07 2.68981e+07 24409605.550059 
509
3.57279e+07 2.50002e+07 2.46632e+07 23016498.169206 
510
3.7404e+07 2.27897e+07 2.25171e+07 21645089.699638 
511
3.89041e+07 2.06862e+07 2.04706e+07 20304886.020414 
512
4.02337e+07 1.87016e+07 1.85228e+07 19022807.680251 
513
4.14102e+07 1.68236e+07 1.66767e+07 17805409.040006 
514
4.24609e+07 1.50601e+07 1.49343e+07 16676365.720592 
515
4.33963e+07 1.33874e+07 1.32918e+07 15627480.799448 
516
4.42151e+07 1.18237e+07 1.1738e+07 14701279.130180 
517
4.49336e+07 1.03498e+07 1.02686e+07 13896739.319589 
518
4.55505e+07 8.94514e+06 8.87645e+06 13207159.508609 
519
4.60723e+07 7.61526e+06 7.55291e+06 12658232.919431 
520
4.6502e+07 6.36381e+06 6.29308e+06 12270933.653615 
521
4.68405e+07 5.16377e+06 5.09225e+06 12031236.489313 
522
4.70872e+07 4.02401e+06 3.94809e+06 11959951.995348 
523
4.72409e+07 2.94497e+06 2.86244e+06 12064689.668945 
524
4.72997e+07 1.92622e+06 1.83858e+06 12351138.502455 
525
4.72675e+07 981043 886365 12822310.299989 
526
4.71358e+07 122295 17072.8 13476255.958492 
527
4.69179e+07 -642307 -751582 14291873.505237 
528
4.66127e+07 -1.28514e+06 -1.40229e+06 15277498.734750 
529
4.62415e+07 -1.7962e+06 -1.91475e+06 16397639.996566 
530
4.58118e+07 -2.15476e+06 -2.27417e+06 17602408.564463 
531
4.53415e+07 -2.34546e+06 -2.46217e+06 18893462.921840 
532
4.55371e+07 -2.42172e+06 -2.53993e+06 20501927.451659 
533
-4.36499e+07 2.51343e+07 2.91869e+07 -15349656.359334 
534
-3.75818e+07 2.75773e+07 3.00384e+07 -691159.142096 
535
-3.29329e+07 3.26932e+07 3.40368e+07 9639331.926232 
536
-2.77555e+07 3.65756e+07 3.70955e+07 17535046.139393 
537
-2.2276e+07 3.92819e+07 3.92216e+07 23383159.550527 
538
-1.66759e+07 4.09084e+07 4.04551e+07 27563609.370437 
539
-1.11323e+07 4.15859e+07 4.09236e+07 30401877.490557 
540
-5.74285e+06 4.14689e+07 4.0679e+07 32175779.819771 
541
-597926 4.06991e+07 3.98399e+07 33120632.599544 
542
4.24096e+06 3.94281e+07 3.85726e+07 33410351.000105 
543
8.74515e+06 3.77829e+07 3.69667e+07 33198801.730144 
544
1.29115e+07 3.58767e+07 3.51335e+07 32603425.800246 
545
1.67273e+07 3.37842e+07 3.31117e+07 31697763.489385 
546
2.02259e+07 3.16163e+07 3.10288e+07 30592452.369812 
547
2.34228e+07 2.94183e+07 2.89172e+07 29337009.710446 
548
2.63031e+07 2.72309e+07 2.67804e+07 27976581.429797 
549
2.89335e+07 2.50874e+07 2.47037e+07 26554458.989975 
550
3.1318e+07 2.2991e+07 2.26872e+07 25083783.000341 
551
3.34323e+07 2.09981e+07 2.07175e+07 23639174.419784 
552
3.53627e+07 1.90751e+07 1.88537e+07 22198390.590716 
553
3.70998e+07 1.72594e+07 1.70788e+07 20816919.079792 
554
3.86453e+07 1.55337e+07 1.53894e+07 19499952.329336 
555
4.00273e+07 1.39146e+07 1.37912e+07 18276996.000101 
556
4.12597e+07 1.23806e+07 1.22821e+07 17150492.439325 
557
4.2343e+07 1.09396e+07 1.08525e+07 16142987.800152 
558
4.32872e+07 9.56849e+06 9.49914e+06 15244559.009242 
559
4.41028e+07 8.28619e+06 8.21585e+06 14497729.810668 
560
4.4802e+07 7.0695e+06 7.00061e+06 13898446.800335 
561
4.53786e+07 5.90928e+06 5.84435e+06 13438985.583846 
562
4.58466e+07 4.81554e+06 4.74775e+06 13143128.660304 
563
4.61983e+07 3.77743e+06 3.70709e+06 13015764.615420 
564
4.64451e+07 2.80297e+06 2.72574e+06 13073742.907370 
565
4.65844e+07 1.88565e+06 1.80617e+06 13296099.509418 
566
4.66189e+07 1.03996e+06 955738 13681339.221566 
567
4.6549e+07 274143 186178 14247224.009698 
568
4.63912e+07 -400373 -490825 14970909.656761 
569
4.61512e+07 -964180 -1.0594e+06 15834921.919289 
570
4.58429e+07 -1.40961e+06 -1.50605e+06 16797555.504433 
571
4.54781e+07 -1.72022e+06 -1.81635e+06 17864899.989827 
572
4.50758e+07 -1.87945e+06 -1.9752e+06 18970709.512332 
573
4.52449e+07 -1.94844e+06 -2.04288e+06 20372705.047756 
574
-5.17755e+07 2.08705e+07 2.51217e+07 -20084274.370689 
575
-4.5706e+07 2.30625e+07 2.58756e+07 -4711066.006540 
576
-4.1319e+07 2.75411e+07 2.9302e+07 6427855.779235 
577
-3.63136e+07 3.1016e+07 3.1952e+07 15167625.540009 
578
-3.09556e+07 3.3511e+07 3.38844e+07 21849747.899607 
579
-2.53461e+07 3.50948e+07 3.50385e+07 26803264.759932 
580
-1.96919e+07 3.58722e+07 3.55568e+07 30327649.779615 
581
-1.40937e+07 3.59518e+07 3.54622e+07 32674882.789976 
582
-8.64914e+06 3.54557e+07 3.48484e+07 34090414.469985 
583
-3.44121e+06 3.44969e+07 3.38534e+07 34740766.039346 
584
1.48522e+06 3.31907e+07 3.25452e+07 34798751.440525 
585
6.11397e+06 3.16277e+07 3.10252e+07 34387679.729779 
586
1.0423e+07 2.98904e+07 2.93401e+07 33614587.739893 
587
1.44047e+07 2.8048e+07 2.7537e+07 32569782.650268 
588
1.80893e+07 2.61506e+07 2.57183e+07 31319539.619769 
589
2.14479e+07 2.42488e+07 2.38589e+07 29935237.799695 
590
2.45358e+07 2.23733e+07 2.20426e+07 28465509.410558 
591
2.73255e+07 2.05455e+07 2.02487e+07 26951206.280112 
592
2.98854e+07 1.87641e+07 1.85349e+07 25402595.100062 
593
3.21966e+07 1.70805e+07 1.68834e+07 23905628.779957 
594
3.42863e+07 1.54611e+07 1.53075e+07 22434710.920127 
595
3.61225e+07 1.39254e+07 1.37906e+07 21032053.140075 
596
3.779e+07 1.24867e+07 1.23649e+07 19740894.750349 
597
3.92765e+07 1.11197e+07 1.1015e+07 18537727.520272 
598
4.06074e+07 9.82732e+06 9.74189e+06 17450463.284226 
599
4.17606e+07 8.59954e+06 8.53273e+06 16480092.219440 
600
4.27557e+07 7.4496e+06 7.38525e+06 15670200.657524 
601
4.36102e+07 6.36512e+06 6.29999e+06 15008524.070665 
602
4.43256e+07 5.33046e+06 5.27099e+06 14491598.138164 
603
4.49077e+07 4.35391e+06 4.29599e+06 14139989.987795 
604
4.53614e+07 3.43825e+06 3.37436e+06 13972865.365453 
605
4.56919e+07 2.57604e+06 2.50886e+06 13961806.100593 
606
4.59037e+07 1.77102e+06 1.70184e+06 14121419.918710 
607
4.60078e+07 1.02912e+06 960861 14447472.337335 
608
4.60025e+07 367927 292608 14931891.481692 
609
4.59021e+07 -216144 -291140 15561142.897151 
610
4.57235e+07 -701479 -778995 16299282.927950 
611
4.5468e+07 -1.08184e+06 -1.1621e+06 17156766.165479 
612
4.51662e+07 -1.34483e+06 -1.42394e+06 18088725.474928 
613
4.48243e+07 -1.4816e+06 -1.55768e+06 19046966.097947 
614
4.49694e+07 -1.54113e+06 -1.61548e+06 20250819.596255 
615
-5.84424e+07 1.69308e+07 2.10122e+07 -24023675.410510 
616
-5.23498e+07 1.88195e+07 2.16412e+07 -8080950.290565 
617
-4.81767e+07 2.26187e+07 2.44873e+07 3699050.863927 
618
-4.33719e+07 2.56037e+07 2.67435e+07 13117358.480292 
619
-3.81018e+07 2.77926e+07 2.83921e+07 20476668.530380 
620
-3.25054e+07 2.92436e+07 2.94252e+07 26063103.219341 
621
-2.67865e+07 3.00214e+07 2.99236e+07 30156979.649470 
622
-2.10448e+07 3.02143e+07 2.99229e+07 33004842.440312 
623
-1.53976e+07 2.99123e+07 2.95189e+07 34820741.300481 
624
-9.91049e+06 2.92126e+07 2.87534e+07 35803091.649423 
625
-4.6543e+06 2.81965e+07 2.77153e+07 36102335.819412 
626
332938 2.6947e+07 2.64823e+07 35867028.120164 
627
5.02931e+06 2.55345e+07 2.51015e+07 35211307.660576 
628
9.41083e+06 2.40163e+07 2.36038e+07 34234643.710008 
629
1.34933e+07 2.24386e+07 2.20837e+07 33013991.340702 
630
1.72512e+07 2.08509e+07 2.05202e+07 31637764.349358 
631
2.07215e+07 1.92633e+07 1.89838e+07 30133668.320570 
632
2.38819e+07 1.77095e+07 1.74611e+07 28569007.940534 
633
2.67881e+07 1.61874e+07 1.60003e+07 26955835.899548 
634
2.93974e+07 1.47449e+07 1.45738e+07 25389502.620244 
635
3.17792e+07 1.33661e+07 1.32195e+07 23866609.410393 
636
3.39304e+07 1.20462e+07 1.1931e+07 22392955.640008 
637
3.58188e+07 1.07972e+07 1.06941e+07 21007544.159729 
638
3.7526e+07 9.61524e+06 9.53109e+06 19734124.204432 
639
3.90751e+07 8.51008e+06 8.43657e+06 18601328.414462 
640
4.03894e+07 7.45006e+06 7.38908e+06 17567393.101290 
641
4.15448e+07 6.45651e+06 6.40044e+06 16696122.427602 
642
4.25353e+07 5.52358e+06 5.46564e+06 15983149.580655 
643
4.33729e+07 4.63335e+06 4.58098e+06 15413770.168359 
644
4.40565e+07 3.79858e+06 3.74392e+06 15024471.161887 
645
4.46024e+07 3.01111e+06 2.95655e+06 14790716.594640 
646
4.50084e+07 2.27166e+06 2.21806e+06 14726005.788382 
647
4.5291e+07 1.59385e+06 1.5321e+06 14843699.295050 
648
4.54545e+07 964713 906179 15105357.717918 
649
4.55085e+07 401913 342430 15499964.760488 
650
4.54646e+07 -85251.9 -146743 16045796.722205 
651
4.53319e+07 -493417 -555470 16706953.082267 
652
4.51358e+07 -813030 -874563 17459702.799772 
653
4.48804e+07 -1.03422e+06 -1.09249e+06 18276092.227130 
654
4.45948e+07 -1.14126e+06 -1.19937e+06 19107532.454617 
655
4.47185e+07 -1.19568e+06 -1.24922e+06 20139922.526269 
656
-6.37626e+07 1.32446e+07 1.68621e+07 -27202470.609850 
657
-5.76502e+07 1.47987e+07 1.73643e+07 -10818290.399997 
658
-5.36511e+07 1.78779e+07 1.96361e+07 1462983.226329 
659
-4.90216e+07 2.03194e+07 2.14706e+07 11413351.660117 
660
-4.37942e+07 2.21445e+07 2.27952e+07 19302908.269880 
661
-3.8254e+07 2.33821e+07 2.36821e+07 25398713.800020 
662
-3.25355e+07 2.40896e+07 2.41555e+07 29954973.169913 
663
-2.66889e+07 2.43235e+07 2.42028e+07 33206932.799301 
664
-2.08843e+07 2.41531e+07 2.39257e+07 35367835.010083 
665
-1.51866e+07 2.36542e+07 2.3351e+07 36619621.209470 
666
-9.67979e+06 2.28942e+07 2.25556e+07 37140567.660643 
667
-4.41355e+06 2.19328e+07 2.15943e+07 37059735.920113 
668
582144 2.08272e+07 2.04854e+07 36511794.359510 
669
5.28289e+06 1.96246e+07 1.93134e+07 35596868.439555 
670
9.67173e+06 1.83681e+07 1.80758e+07 34412071.009492 
671
1.37614e+07 1.7084e+07 1.68387e+07 33022621.830013 
672
1.75256e+07 1.58084e+07 1.55819e+07 31512421.319760 
673
2.09821e+07 1.45453e+07 1.43433e+07 29909146.819976 
674
2.41644e+07 1.3321e+07 1.31533e+07 28278240.799612 
675
2.70403e+07 1.21409e+07 1.19898e+07 26655373.409724 
676
2.96749e+07 1.09984e+07 1.08867e+07 25045388.809385 
677
3.20467e+07 9.92516e+06 9.82793e+06 23532681.631726 
678
3.41449e+07 8.90121e+06 8.81405e+06 22090758.234819 
679
3.60473e+07 7.92752e+06 7.85892e+06 20754440.404716 
680
3.77245e+07 7.01895e+06 6.9532e+06 19566821.779947 
681
3.92014e+07 6.15431e+06 6.09411e+06 18499396.474934 
682
4.0507e+07 5.33216e+06 5.28498e+06 17562017.069805 
683
4.16111e+07 4.56171e+06 4.51599e+06 16798394.575163 
684
4.25479e+07 3.83608e+06 3.79048e+06 16200993.820216 
685
4.33217e+07 3.14943e+06 3.10527e+06 15753394.434447 
686
4.39419e+07 2.50873e+06 2.4619e+06 15488442.619604 
687
4.44217e+07 1.90535e+06 1.86017e+06 15376610.511407 
688
4.47615e+07 1.3533e+06 1.30366e+06 15427744.869456 
689
4.49807e+07 842775 794929 15633452.028003 
690
4.50816e+07 387660 341823 15982236.988993 
691
4.50865e+07 -6043.5 -54242.6 16458258.580970 
692
4.50012e+07 -336060 -381827 17041441.667358 
693
4.48469e+07 -590530 -636912 17707417.381918 
694
4.46382e+07 -765434 -811919 18411717.966425 
695
4.43955e+07 -853800 -895062 19154440.153886 
696
4.45005e+07 -894033 -935053 20043408.030565 
697
-6.78201e+07 9.76297e+06 1.26779e+07 -29651116.770356 
698
-6.16958e+07 1.0952e+07 1.30547e+07 -12934222.239364 
699
-5.7878e+07 1.32829e+07 1.47676e+07 -278007.067071 
700
-5.33058e+07 1.51483e+07 1.61353e+07 10071265.859689 
701
-4.81934e+07 1.65508e+07 1.7162e+07 18365082.490325 
702
-4.26781e+07 1.7526e+07 1.78464e+07 24848323.979461 
703
-3.69005e+07 1.81018e+07 1.82096e+07 29759003.469881 
704
-3.10207e+07 1.83227e+07 1.82923e+07 33329634.579695 
705
-2.51097e+07 1.82355e+07 1.81097e+07 35755899.809685 
706
-1.92634e+07 1.79006e+07 1.77046e+07 37231683.900316 
707
-1.35805e+07 1.73579e+07 1.71276e+07 37920063.240188 
708
-8.10953e+06 1.66602e+07 1.64187e+07 37971733.850555 
709
-2.89292e+06 1.58472e+07 1.56139e+07 37513847.309499 
710
2.044e+06 1.49542e+07 1.47273e+07 36656164.299698 
711
6.67458e+06 1.40143e+07 1.38e+07 35499634.019762 
712
1.09989e+07 1.30511e+07 1.28623e+07 34121842.389454 
713
1.5001e+07 1.2081e+07 1.19141e+07 32583474.239759 
714
1.86885e+07 1.11241e+07 1.09782e+07 30954596.939303 
715
2.20922e+07 1.01931e+07 1.00759e+07 29288213.869701 
716
2.51755e+07 9.29638e+06 9.18832e+06 27625385.054665 
717
2.79971e+07 8.43384e+06 8.34566e+06 25998786.335513 
718
3.05204e+07 7.61337e+06 7.53186e+06 24439069.890728 
719
3.28171e+07 6.82915e+06 6.76419e+06 22944837.730607 
720
3.48617e+07 6.09055e+06 6.03236e+06 21586138.968613 
721
3.66807e+07 5.38994e+06 5.34041e+06 20335722.300304 
722
3.8271e+07 4.72757e+06 4.68275e+06 19222526.207829 
723
3.96592e+07 4.09963e+06 4.06013e+06 18264187.176668 
724
4.08655e+07 3.51035e+06 3.4734e+06 17461909.272294 
725
4.18846e+07 2.95274e+06 2.91791e+06 16809383.079269 
726
4.2731e+07 2.43221e+06 2.39511e+06 16343041.604565 
727
4.34104e+07 1.93832e+06 1.90483e+06 16026961.215377 
728
4.39419e+07 1.485e+06 1.44684e+06 15890887.734311 
729
4.43362e+07 1.06212e+06 1.0244e+06 15900644.941282 
730
4.45963e+07 673986 640021 16061292.079593 
731
4.47392e+07 328572 295846 16360264.413232 
732
4.4779e+07 34684 -2268.08 16780880.015300 
733
4.47316e+07 -216228 -249443 17302280.256511 
734
4.46101e+07 -404949 -440304 17884237.656351 
735
4.44383e+07 -539741 -570934 18529123.439637 
736
4.4229e+07 -605075 -633241 19189137.055488 
737
4.43226e+07 -635419 -663369 19964622.567181 
738
-7.06771e+07 6.43463e+06 8.46707e+06 -31386998.929542 
739
-6.4544e+07 7.23386e+06 8.71748e+06 -14440235.088658 
740
-6.08212e+07 8.79574e+06 9.85828e+06 -1521591.956491 
741
-5.63221e+07 1.00496e+07 1.07731e+07 9106161.684610 
742
-5.13068e+07 1.10063e+07 1.14732e+07 17679979.239932 
743
-4.58132e+07 1.16797e+07 1.19418e+07 24434831.160221 
744
-4.00243e+07 1.20829e+07 1.21935e+07 29601505.180572 
745
-3.41027e+07 1.22526e+07 1.22617e+07 33394835.819374 
746
-2.81189e+07 1.22122e+07 1.21529e+07 36015890.140013 
747
-2.21717e+07 1.20056e+07 1.18958e+07 37653201.860353 
748
-1.63658e+07 1.16602e+07 1.15209e+07 38466152.270071 
749
-1.07552e+07 1.1205e+07 1.1057e+07 38613244.979441 
750
-5.38353e+06 1.06712e+07 1.0522e+07 38226122.340559 
751
-282468 1.00808e+07 9.93207e+06 37415033.459783 
752
4.5177e+06 9.45533e+06 9.3154e+06 36279198.411495 
753
9.01346e+06 8.81262e+06 8.69268e+06 34909757.244878 
754
1.31844e+07 8.16513e+06 8.05584e+06 33373347.074750 
755
1.70363e+07 7.52133e+06 7.42809e+06 31720201.064002 
756
2.05726e+07 6.90194e+06 6.81019e+06 30061651.717980 
757
2.38243e+07 6.29689e+06 6.22209e+06 28367476.918705 
758
2.67597e+07 5.70985e+06 5.64649e+06 26678970.315587 
759
2.94423e+07 5.15595e+06 5.10305e+06 25086413.205486 
760
3.18513e+07 4.62905e+06 4.58469e+06 23583671.885334 
761
3.39734e+07 4.12542e+06 4.08666e+06 22171564.104477 
762
3.58876e+07 3.65188e+06 3.61746e+06 20885128.339429 
763
3.7564e+07 3.20203e+06 3.17282e+06 19745293.572535 
764
3.90641e+07 2.78064e+06 2.75567e+06 18754910.865374 
765
4.03189e+07 2.38014e+06 2.35696e+06 17928373.061565 
766
4.13942e+07 2.00655e+06 1.98197e+06 17263931.160197 
767
4.22935e+07 1.65205e+06 1.62958e+06 16770428.712176 
768
4.30196e+07 1.32305e+06 1.29786e+06 16426907.389891 
769
4.35923e+07 1.01372e+06 989388 16248097.201617 
770
4.40192e+07 730054 705196 16241703.365491 
771
4.43127e+07 467805 447055 16369443.620120 
772
4.44864e+07 239029 217302 16632059.319240 
773
4.45554e+07 37625.9 17075.2 17012274.767433 
774
4.45313e+07 -124306 -148843 17489244.669894 
775
4.44368e+07 -256366 -275177 18021822.559384 
776
4.42876e+07 -341727 -363381 18612589.515773 
777
4.411e+07 -384847 -403927 19212980.570532 
778
4.41909e+07 -405160 -424042 19906328.374867 
779
-7.23751e+07 3.19096e+06 4.23811e+06 -32421368.879390 
780
-6.62372e+07 3.59408e+06 4.36242e+06 -15340353.649833 
781
-6.25709e+07 4.38125e+06 4.93311e+06 -2267886.159716 
782
-5.81168e+07 5.01219e+06 5.39081e+06 8523447.132231 
783
-5.31333e+07 5.49554e+06 5.7433e+06 17263271.567447 
784
-4.76553e+07 5.83851e+06 5.97929e+06 24181619.045572 
785
-4.18628e+07 6.04594e+06 6.11003e+06 29496980.790419 
786
-3.5922e+07 6.13713e+06 6.14813e+06 33426630.742528 
787
-2.99004e+07 6.12261e+06 6.09771e+06 36163747.459846 
788
-2.39231e+07 6.0226e+06 5.97699e+06 37894741.011609 
789
-1.80435e+07 5.85508e+06 5.79246e+06 38789721.600658 
790
-1.23489e+07 5.63205e+06 5.56267e+06 38998627.386082 
791
-6.87726e+06 5.3668e+06 5.29308e+06 38649183.780566 
792
-1.68334e+06 5.07336e+06 5.00664e+06 37868153.937526 
793
3.21913e+06 4.76154e+06 4.69629e+06 36750523.188461 
794
7.80866e+06 4.43984e+06 4.37935e+06 35381904.521254 
795
1.20775e+07 4.11587e+06 4.05837e+06 33845107.034390 
796
1.60394e+07 3.7947e+06 3.74839e+06 32203872.302925 
797
1.96715e+07 3.4803e+06 3.4391e+06 30497099.970480 
798
2.29915e+07 3.17617e+06 3.13719e+06 28786296.365208 
799
2.60381e+07 2.88406e+06 2.85341e+06 27108635.302468 
800
2.87677e+07 2.60498e+06 2.57643e+06 25495332.314296 
801
3.12461e+07 2.33727e+06 2.3128e+06 23950439.703905 
802
3.34693e+07 2.08543e+06 2.06523e+06 22538981.365988 
803
3.54364e+07 1.84481e+06 1.82804e+06 21232275.529353 
804
3.71738e+07 1.61783e+06 1.60396e+06 20073503.621581 
805
3.86791e+07 1.40712e+06 1.39185e+06 19064820.726320 
806
3.99793e+07 1.20519e+06 1.19189e+06 18220929.308256 
807
4.1095e+07 1.01479e+06 1.00211e+06 17539592.270164 
808
4.20224e+07 835229 823674 17011181.562470 
809
4.27812e+07 672581 658410 16669107.179485 
810
4.33792e+07 516951 503219 16472613.992677 
811
4.38287e+07 374018 360360 16433268.600407 
812
4.41383e+07 240422 230686 16555290.979705 
813
4.43309e+07 125578 115404 16795763.269754 
814
4.44175e+07 22343.1 14171.9 17151654.906056 
815
4.44105e+07 -58764.9 -68109.2 17586038.507331 
816
4.43325e+07 -124945 -131335 18104492.908799 
817
4.41996e+07 -165402 -175406 18662534.146398 
818
4.4034e+07 -186832 -196450 19226907.047576 
819
4.411e+07 -201425 -206529 19870504.294032 
820
-7.29384e+07 0.000361194 -0.000360403 -32767653.360227 
821
-6.67992e+07 6.23778e-05 -8.1713e-05 -15639568.980118 
822
-6.31515e+07 -0.000573265 0.00032951 -2516511.759397 
823
-5.87756e+07 0.0604612 0.0630141 8329194.900690 
824
-5.37397e+07 -0.0606345 -0.0634145 17124825.379720 
825
-4.82667e+07 -0.000635709 0.000699383 24095407.839967 
826
-4.25153e+07 0.0608431 0.0643683 29461012.250503 
827
-3.65268e+07 0.122434 0.127466 33435894.580471 
828
-3.0493e+07 0.0608935 0.0638293 36211924.580084 
829
-2.44985e+07 0.183943 0.192776 37975157.659488 
830
-1.85968e+07 0.000430097 0.000353504 38896365.129860 
831
-1.28764e+07 3.84726e-05 -0.000346868 39125250.989807 
832
-7.37559e+06 -0.0613642 -0.0636574 38793794.130337 
833
-2.15129e+06 0.000617384 0.000237361 38017791.520498 
834
2.78364e+06 0.0306542 0.031998 36905184.960520 
835
7.4059e+06 0.0314914 0.0316577 35541611.069714 
836
1.17075e+07 -0.0313803 -0.0318354 34003583.179482 
837
1.57006e+07 0.0316059 0.0314651 32365803.030324 
838
1.93634e+07 0.0307084 0.0320326 30653738.789490 
839
2.27128e+07 0.000520401 0.000185727 28936698.439614 
840
2.57861e+07 0.0163487 0.0157623 27252453.329735 
841
2.85413e+07 0.0470299 0.046594 25632214.290607 
842
3.10432e+07 0.016012 0.0153258 24080318.999377 
843
3.32876e+07 -0.0163353 -0.0152342 22662120.799675 
844
3.52741e+07 -0.0315969 -0.0307293 21348690.720718 
845
3.70288e+07 0.00843174 0.00771152 20183568.600164 
846
3.85497e+07 -0.000688793 0.000103685 19168619.280046 
847
3.98636e+07 -0.00786504 -0.00813074 18318988.000268 
848
4.09958e+07 0.000639884 -0.000607321 17631927.409367 
849
4.19339e+07 0.00799573 0.00747793 17097953.219708 
850
4.27024e+07 -0.00746142 -0.00798939 16750070.200126 
851
4.33045e+07 0.00731377 0.00739035 16547793.599992 
852
4.37616e+07 5.24026e-05 -0.000581439 16502187.200465 
853
4.40826e+07 -0.00247252 -0.00139363 16602765.600468 
854
4.42816e+07 0.00019333 0.000508405 16850466.309784 
855
4.43697e+07 -4.5108e-05 -0.000313911 17198114.989349 
856
4.43683e+07 0.000630524 -0.000413311 17623514.199769 
857
4.42959e+07 0.00095416 0.00120276 18132005.199767 
858
4.41685e+07 -0.00105878 0.000336851 18679180.199746 
859
4.40084e+07 -0.00021596 0.000356272 19231445.200709 
860
4.40828e+07 -0.000239075 0.000603235 19858431.399404 
861
-7.23751e+07 -3.19096e+06 -4.23811e+06 -32421368.879878 
862
-6.62372e+07 -3.59408e+06 -4.36242e+06 -15340353.649737 
863
-6.25709e+07 -4.38125e+06 -4.93311e+06 -2267886.160335 
864
-5.81168e+07 -5.01219e+06 -5.39081e+06 8523447.132125 
865
-5.31333e+07 -5.49554e+06 -5.7433e+06 17263271.567569 
866
-4.76553e+07 -5.83851e+06 -5.97929e+06 24181619.046661 
867
-4.18628e+07 -6.04594e+06 -6.11003e+06 29496980.789396 
868
-3.5922e+07 -6.13713e+06 -6.14813e+06 33426630.742338 
869
-2.99004e+07 -6.12261e+06 -6.09771e+06 36163747.459856 
870
-2.39231e+07 -6.0226e+06 -5.97699e+06 37894741.012150 
871
-1.80435e+07 -5.85508e+06 -5.79246e+06 38789721.600547 
872
-1.23489e+07 -5.63205e+06 -5.56267e+06 38998627.386541 
873
-6.87726e+06 -5.3668e+06 -5.29308e+06 38649183.780149 
874
-1.68334e+06 -5.07336e+06 -5.00664e+06 37868153.938658 
875
3.21913e+06 -4.76154e+06 -4.69629e+06 36750523.188686 
876
7.80866e+06 -4.43984e+06 -4.37935e+06 35381904.521318 
877
1.20775e+07 -4.11587e+06 -4.05837e+06 33845107.033365 
878
1.60394e+07 -3.7947e+06 -3.74839e+06 32203872.302435 
879
1.96715e+07 -3.4803e+06 -3.4391e+06 30497099.969750 
880
2.29915e+07 -3.17617e+06 -3.13719e+06 28786296.364668 
881
2.60381e+07 -2.88406e+06 -2.85341e+06 27108635.301962 
882
2.87677e+07 -2.60498e+06 -2.57643e+06 25495332.314991 
883
3.12461e+07 -2.33727e+06 -2.3128e+06 23950439.704259 
884
3.34693e+07 -2.08543e+06 -2.06523e+06 22538981.366638 
885
3.54364e+07 -1.84481e+06 -1.82804e+06 21232275.530090 
886
3.71738e+07 -1.61783e+06 -1.60396e+06 20073503.622375 
887
3.86791e+07 -1.40712e+06 -1.39185e+06 19064820.725658 
888
3.99793e+07 -1.20519e+06 -1.19189e+06 18220929.307865 
889
4.1095e+07 -1.01479e+06 -1.00211e+06 17539592.269314 
890
4.20224e+07 -835229 -823674 17011181.562438 
891
4.27812e+07 -672581 -658410 16669107.178497 
892
4.33792e+07 -516951 -503219 16472613.991918 
893
4.38287e+07 -374018 -360360 16433268.599955 
894
4.41383e+07 -240422 -230686 16555290.979250 
895
4.43309e+07 -125578 -115404 16795763.268775 
896
4.44175e+07 -22343.1 -14171.9 17151654.906793 
897
4.44105e+07 58764.9 68109.2 17586038.508050 
898
4.43325e+07 124945 131335 18104492.909383 
899
4.41996e+07 165402 175406 18662534.146571 
900
4.4034e+07 186832 196450 19226907.046841 
901
4.411e+07 201425 206529 19870504.293770 
902
-7.06771e+07 -6.43463e+06 -8.46706e+06 -31386998.929674 
903
-6.4544e+07 -7.23386e+06 -8.71748e+06 -14440235.088986 
904
-6.08212e+07 -8.79574e+06 -9.85828e+06 -1521591.956700 
905
-5.63221e+07 -1.00496e+07 -1.07731e+07 9106161.683863 
906
-5.13068e+07 -1.10063e+07 -1.14732e+07 17679979.239473 
907
-4.58132e+07 -1.16797e+07 -1.19418e+07 24434831.160674 
908
-4.00243e+07 -1.20829e+07 -1.21935e+07 29601505.180338 
909
-3.41027e+07 -1.22526e+07 -1.22617e+07 33394835.820352 
910
-2.81189e+07 -1.22122e+07 -1.21529e+07 36015890.140374 
911
-2.21717e+07 -1.20056e+07 -1.18958e+07 37653201.859751 
912
-1.63658e+07 -1.16602e+07 -1.15209e+07 38466152.269456 
913
-1.07552e+07 -1.1205e+07 -1.1057e+07 38613244.979273 
914
-5.38353e+06 -1.06712e+07 -1.0522e+07 38226122.339743 
915
-282468 -1.00808e+07 -9.93207e+06 37415033.460565 
916
4.5177e+06 -9.45533e+06 -9.3154e+06 36279198.412484 
917
9.01346e+06 -8.81262e+06 -8.69268e+06 34909757.244699 
918
1.31844e+07 -8.16513e+06 -8.05584e+06 33373347.075710 
919
1.70363e+07 -7.52133e+06 -7.42809e+06 31720201.063707 
920
2.05726e+07 -6.90194e+06 -6.81019e+06 30061651.718601 
921
2.38243e+07 -6.29689e+06 -6.22209e+06 28367476.917360 
922
2.67597e+07 -5.70985e+06 -5.64649e+06 26678970.315610 
923
2.94423e+07 -5.15595e+06 -5.10305e+06 25086413.204848 
924
3.18513e+07 -4.62905e+06 -4.58469e+06 23583671.884877 
925
3.39734e+07 -4.12542e+06 -4.08666e+06 22171564.103738 
926
3.58876e+07 -3.65188e+06 -3.61746e+06 20885128.339674 
927
3.7564e+07 -3.20203e+06 -3.17282e+06 19745293.572069 
928
3.9064e+07 -2.78064e+06 -2.75567e+06 18754910.865294 
929
4.03189e+07 -2.38014e+06 -2.35696e+06 17928373.062713 
930
4.13942e+07 -2.00655e+06 -1.98197e+06 17263931.159398 
931
4.22935e+07 -1.65205e+06 -1.62958e+06 16770428.711632 
932
4.30196e+07 -1.32305e+06 -1.29786e+06 16426907.390383 
933
4.35923e+07 -1.01372e+06 -989388 16248097.202018 
934
4.40192e+07 -730054 -705196 16241703.366613 
935
4.43127e+07 -467805 -447055 16369443.619388 
936
4.44864e+07 -239029 -217302 16632059.320144 
937
4.45554e+07 -37625.9 -17075.2 17012274.767204 
938
4.45313e+07 124306 148843 17489244.669515 
939
4.44368e+07 256366 275177 18021822.559391 
940
4.42876e+07 341727 363381 18612589.516031 
941
4.411e+07 384847 403927 19212980.570555 
942
4.41909e+07 405160 424042 19906328.374157 
943
-6.78201e+07 -9.76297e+06 -1.26779e+07 -29651116.770099 
944
-6.16958e+07 -1.0952e+07 -1.30547e+07 -12934222.239837 
945
-5.7878e+07 -1.32829e+07 -1.47676e+07 -278007.067269 
946
-5.33058e+07 -1.51483e+07 -1.61353e+07 10071265.860094 
947
-4.81934e+07 -1.65508e+07 -1.7162e+07 18365082.489304 
948
-4.26781e+07 -1.7526e+07 -1.78464e+07 24848323.980595 
949
-3.69005e+07 -1.81018e+07 -1.82096e+07 29759003.469649 
950
-3.10207e+07 -1.83227e+07 -1.82923e+07 33329634.580062 
951
-2.51097e+07 -1.82355e+07 -1.81097e+07 35755899.809829 
952
-1.92634e+07 -1.79006e+07 -1.77046e+07 37231683.900528 
953
-1.35805e+07 -1.73579e+07 -1.71276e+07 37920063.240558 
954
-8.10953e+06 -1.66602e+07 -1.64187e+07 37971733.850134 
955
-2.89292e+06 -1.58472e+07 -1.56139e+07 37513847.310154 
956
2.044e+06 -1.49542e+07 -1.47273e+07 36656164.300175 
957
6.67458e+06 -1.40143e+07 -1.38e+07 35499634.020024 
958
1.09989e+07 -1.30511e+07 -1.28623e+07 34121842.389368 
959
1.5001e+07 -1.2081e+07 -1.19141e+07 32583474.240679 
960
1.86885e+07 -1.11241e+07 -1.09782e+07 30954596.939820 
961
2.20922e+07 -1.01931e+07 -1.00759e+07 29288213.869870 
962
2.51755e+07 -9.29638e+06 -9.18832e+06 27625385.054219 
963
2.79971e+07 -8.43384e+06 -8.34566e+06 25998786.336051 
964
3.05204e+07 -7.61337e+06 -7.53186e+06 24439069.891716 
965
3.28171e+07 -6.82915e+06 -6.76419e+06 22944837.730612 
966
3.48617e+07 -6.09055e+06 -6.03236e+06 21586138.967362 
967
3.66807e+07 -5.38994e+06 -5.34041e+06 20335722.300042 
968
3.8271e+07 -4.72757e+06 -4.68275e+06 19222526.208128 
969
3.96592e+07 -4.09963e+06 -4.06013e+06 18264187.175542 
970
4.08655e+07 -3.51035e+06 -3.4734e+06 17461909.272115 
971
4.18846e+07 -2.95274e+06 -2.91791e+06 16809383.080089 
972
4.2731e+07 -2.43221e+06 -2.39511e+06 16343041.604928 
973
4.34104e+07 -1.93832e+06 -1.90483e+06 16026961.216208 
974
4.39419e+07 -1.485e+06 -1.44684e+06 15890887.734275 
975
4.43362e+07 -1.06212e+06 -1.0244e+06 15900644.942234 
976
4.45963e+07 -673986 -640021 16061292.079002 
977
4.47392e+07 -328572 -295846 16360264.413711 
978
4.4779e+07 -34684 2268.07 16780880.016618 
979
4.47316e+07 216228 249443 17302280.255886 
980
4.46101e+07 404949 440304 17884237.655524 
981
4.44383e+07 539741 570934 18529123.439891 
982
4.4229e+07 605075 633241 19189137.054942 
983
4.43226e+07 635419 663369 19964622.567458 
984
-6.37625e+07 -1.32446e+07 -1.68621e+07 -27202470.609960 
985
-5.76503e+07 -1.47987e+07 -1.73643e+07 -10818290.399320 
986
-5.36511e+07 -1.78779e+07 -1.96361e+07 1462983.225624 
987
-4.90216e+07 -2.03194e+07 -2.14706e+07 11413351.660447 
988
-4.37942e+07 -2.21445e+07 -2.27952e+07 19302908.269465 
989
-3.8254e+07 -2.33821e+07 -2.36821e+07 25398713.800327 
990
-3.25355e+07 -2.40896e+07 -2.41555e+07 29954973.169444 
991
-2.66889e+07 -2.43235e+07 -2.42028e+07 33206932.799999 
992
-2.08843e+07 -2.41531e+07 -2.39257e+07 35367835.009364 
993
-1.51866e+07 -2.36542e+07 -2.3351e+07 36619621.209916 
994
-9.67979e+06 -2.28942e+07 -2.25556e+07 37140567.660278 
995
-4.41355e+06 -2.19328e+07 -2.15943e+07 37059735.919621 
996
582144 -2.08272e+07 -2.04854e+07 36511794.359394 
997
5.28289e+06 -1.96246e+07 -1.93134e+07 35596868.440566 
998
9.67173e+06 -1.83681e+07 -1.80758e+07 34412071.009466 
999
1.37614e+07 -1.7084e+07 -1.68387e+07 33022621.830468 
1000
1.75256e+07 -1.58084e+07 -1.55819e+07 31512421.319541 
1001
2.09821e+07 -1.45453e+07 -1.43433e+07 29909146.819371 
1002
2.41644e+07 -1.3321e+07 -1.31533e+07 28278240.799448 
1003
2.70403e+07 -1.21409e+07 -1.19898e+07 26655373.410121 
1004
2.96749e+07 -1.09984e+07 -1.08867e+07 25045388.809982 
1005
3.20467e+07 -9.92516e+06 -9.82793e+06 23532681.632283 
1006
3.41449e+07 -8.90121e+06 -8.81405e+06 22090758.235121 
1007
3.60473e+07 -7.92752e+06 -7.85892e+06 20754440.405583 
1008
3.77245e+07 -7.01895e+06 -6.9532e+06 19566821.779944 
1009
3.92014e+07 -6.15431e+06 -6.09411e+06 18499396.474665 
1010
4.0507e+07 -5.33216e+06 -5.28498e+06 17562017.069746 
1011
4.16111e+07 -4.56171e+06 -4.51599e+06 16798394.574606 
1012
4.25479e+07 -3.83608e+06 -3.79048e+06 16200993.820543 
1013
4.33217e+07 -3.14943e+06 -3.10527e+06 15753394.435598 
1014
4.39419e+07 -2.50873e+06 -2.4619e+06 15488442.620163 
1015
4.44217e+07 -1.90535e+06 -1.86017e+06 15376610.512665 
1016
4.47615e+07 -1.3533e+06 -1.30366e+06 15427744.869429 
1017
4.49807e+07 -842775 -794929 15633452.028779 
1018
4.50816e+07 -387660 -341823 15982236.988992 
1019
4.50865e+07 6043.5 54242.6 16458258.581261 
1020
4.50012e+07 336060 381827 17041441.666477 
1021
4.48469e+07 590530 636912 17707417.381157 
1022
4.46382e+07 765434 811919 18411717.965773 
1023
4.43955e+07 853800 895062 19154440.153400 
1024
4.45005e+07 894033 935053 20043408.031758 
1025
-5.84424e+07 -1.69308e+07 -2.10122e+07 -24023675.409939 
1026
-5.23498e+07 -1.88195e+07 -2.16412e+07 -8080950.289312 
1027
-4.81767e+07 -2.26187e+07 -2.44873e+07 3699050.863714 
1028
-4.33719e+07 -2.56037e+07 -2.67435e+07 13117358.479489 
1029
-3.81018e+07 -2.77926e+07 -2.83921e+07 20476668.530330 
1030
-3.25054e+07 -2.92436e+07 -2.94252e+07 26063103.220498 
1031
-2.67865e+07 -3.00214e+07 -2.99236e+07 30156979.650599 
1032
-2.10448e+07 -3.02143e+07 -2.99229e+07 33004842.440518 
1033
-1.53976e+07 -2.99123e+07 -2.95189e+07 34820741.300543 
1034
-9.91049e+06 -2.92126e+07 -2.87534e+07 35803091.650364 
1035
-4.6543e+06 -2.81965e+07 -2.77153e+07 36102335.820559 
1036
332938 -2.6947e+07 -2.64823e+07 35867028.120387 
1037
5.02931e+06 -2.55345e+07 -2.51015e+07 35211307.660632 
1038
9.41083e+06 -2.40163e+07 -2.36038e+07 34234643.709608 
1039
1.34933e+07 -2.24386e+07 -2.20837e+07 33013991.339740 
1040
1.72512e+07 -2.08509e+07 -2.05202e+07 31637764.349802 
1041
2.07215e+07 -1.92633e+07 -1.89838e+07 30133668.319745 
1042
2.38819e+07 -1.77095e+07 -1.74611e+07 28569007.939631 
1043
2.67881e+07 -1.61874e+07 -1.60003e+07 26955835.899395 
1044
2.93974e+07 -1.47449e+07 -1.45738e+07 25389502.619526 
1045
3.17792e+07 -1.33661e+07 -1.32195e+07 23866609.410023 
1046
3.39304e+07 -1.20462e+07 -1.1931e+07 22392955.640058 
1047
3.58188e+07 -1.07972e+07 -1.06941e+07 21007544.159803 
1048
3.7526e+07 -9.61524e+06 -9.53109e+06 19734124.205427 
1049
3.90751e+07 -8.51008e+06 -8.43657e+06 18601328.415307 
1050
4.03894e+07 -7.45006e+06 -7.38908e+06 17567393.101570 
1051
4.15448e+07 -6.45651e+06 -6.40044e+06 16696122.428227 
1052
4.25353e+07 -5.52358e+06 -5.46564e+06 15983149.580506 
1053
4.33729e+07 -4.63335e+06 -4.58098e+06 15413770.167809 
1054
4.40565e+07 -3.79858e+06 -3.74392e+06 15024471.162470 
1055
4.46024e+07 -3.01111e+06 -2.95655e+06 14790716.594255 
1056
4.50084e+07 -2.27166e+06 -2.21806e+06 14726005.788674 
1057
4.5291e+07 -1.59385e+06 -1.5321e+06 14843699.294418 
1058
4.54545e+07 -964713 -906179 15105357.716882 
1059
4.55085e+07 -401913 -342430 15499964.760062 
1060
4.54646e+07 85251.9 146743 16045796.721852 
1061
4.53319e+07 493417 555470 16706953.082559 
1062
4.51358e+07 813030 874563 17459702.800489 
1063
4.48804e+07 1.03422e+06 1.09249e+06 18276092.227368 
1064
4.45948e+07 1.14126e+06 1.19937e+06 19107532.454271 
1065
4.47185e+07 1.19568e+06 1.24922e+06 20139922.525391 
1066
-5.17755e+07 -2.08705e+07 -2.51217e+07 -20084274.370144 
1067
-4.5706e+07 -2.30625e+07 -2.58756e+07 -4711066.006004 
1068
-4.1319e+07 -2.75411e+07 -2.9302e+07 6427855.779593 
1069
-3.63136e+07 -3.1016e+07 -3.1952e+07 15167625.540169 
1070
-3.09556e+07 -3.3511e+07 -3.38844e+07 21849747.899847 
1071
-2.53461e+07 -3.50948e+07 -3.50385e+07 26803264.760117 
1072
-1.96919e+07 -3.58722e+07 -3.55568e+07 30327649.780310 
1073
-1.40937e+07 -3.59518e+07 -3.54622e+07 32674882.789463 
1074
-8.64914e+06 -3.54557e+07 -3.48484e+07 34090414.469946 
1075
-3.44121e+06 -3.44969e+07 -3.38534e+07 34740766.040326 
1076
1.48522e+06 -3.31907e+07 -3.25452e+07 34798751.439944 
1077
6.11397e+06 -3.16277e+07 -3.10252e+07 34387679.729519 
1078
1.0423e+07 -2.98904e+07 -2.93401e+07 33614587.740239 
1079
1.44047e+07 -2.8048e+07 -2.7537e+07 32569782.650184 
1080
1.80893e+07 -2.61506e+07 -2.57183e+07 31319539.620447 
1081
2.14479e+07 -2.42488e+07 -2.38589e+07 29935237.799677 
1082
2.45358e+07 -2.23733e+07 -2.20426e+07 28465509.409530 
1083
2.73255e+07 -2.05455e+07 -2.02487e+07 26951206.279678 
1084
2.98854e+07 -1.87641e+07 -1.85349e+07 25402595.099864 
1085
3.21966e+07 -1.70805e+07 -1.68834e+07 23905628.780494 
1086
3.42863e+07 -1.54611e+07 -1.53075e+07 22434710.920566 
1087
3.61225e+07 -1.39254e+07 -1.37906e+07 21032053.139517 
1088
3.779e+07 -1.24867e+07 -1.23649e+07 19740894.749486 
1089
3.92765e+07 -1.11197e+07 -1.1015e+07 18537727.520381 
1090
4.06074e+07 -9.82732e+06 -9.74189e+06 17450463.283312 
1091
4.17606e+07 -8.59954e+06 -8.53273e+06 16480092.219759 
1092
4.27557e+07 -7.4496e+06 -7.38525e+06 15670200.656937 
1093
4.36102e+07 -6.36512e+06 -6.29999e+06 15008524.069324 
1094
4.43256e+07 -5.33046e+06 -5.27099e+06 14491598.137313 
1095
4.49077e+07 -4.35391e+06 -4.29599e+06 14139989.987706 
1096
4.53614e+07 -3.43825e+06 -3.37436e+06 13972865.366632 
1097
4.56919e+07 -2.57604e+06 -2.50886e+06 13961806.099447 
1098
4.59037e+07 -1.77102e+06 -1.70184e+06 14121419.919078 
1099
4.60078e+07 -1.02912e+06 -960861 14447472.337404 
1100
4.60025e+07 -367927 -292608 14931891.480735 
1101
4.59021e+07 216143 291139 15561142.898845 
1102
4.57235e+07 701479 778995 16299282.928813 
1103
4.5468e+07 1.08184e+06 1.1621e+06 17156766.166507 
1104
4.51662e+07 1.34483e+06 1.42394e+06 18088725.475319 
1105
4.48243e+07 1.4816e+06 1.55768e+06 19046966.097473 
1106
4.49694e+07 1.54113e+06 1.61548e+06 20250819.596264 
1107
-4.36499e+07 -2.51343e+07 -2.91869e+07 -15349656.360548 
1108
-3.75818e+07 -2.75773e+07 -3.00384e+07 -691159.141650 
1109
-3.29329e+07 -3.26932e+07 -3.40368e+07 9639331.925937 
1110
-2.77555e+07 -3.65756e+07 -3.70955e+07 17535046.140279 
1111
-2.2276e+07 -3.92819e+07 -3.92216e+07 23383159.550002 
1112
-1.66759e+07 -4.09084e+07 -4.04551e+07 27563609.369782 
1113
-1.11323e+07 -4.15859e+07 -4.09236e+07 30401877.490581 
1114
-5.74285e+06 -4.14689e+07 -4.0679e+07 32175779.819826 
1115
-597926 -4.06991e+07 -3.98399e+07 33120632.600186 
1116
4.24096e+06 -3.94281e+07 -3.85726e+07 33410350.999582 
1117
8.74515e+06 -3.77829e+07 -3.69667e+07 33198801.729384 
1118
1.29115e+07 -3.58767e+07 -3.51335e+07 32603425.799334 
1119
1.67273e+07 -3.37842e+07 -3.31117e+07 31697763.490198 
1120
2.02259e+07 -3.16163e+07 -3.10288e+07 30592452.370685 
1121
2.34228e+07 -2.94183e+07 -2.89172e+07 29337009.710420 
1122
2.63031e+07 -2.72309e+07 -2.67804e+07 27976581.429750 
1123
2.89335e+07 -2.50874e+07 -2.47037e+07 26554458.989476 
1124
3.1318e+07 -2.2991e+07 -2.26872e+07 25083783.000577 
1125
3.34323e+07 -2.09981e+07 -2.07175e+07 23639174.419858 
1126
3.53627e+07 -1.90751e+07 -1.88537e+07 22198390.590562 
1127
3.70998e+07 -1.72594e+07 -1.70788e+07 20816919.079886 
1128
3.86453e+07 -1.55337e+07 -1.53894e+07 19499952.330354 
1129
4.00273e+07 -1.39146e+07 -1.37912e+07 18276995.999923 
1130
4.12597e+07 -1.23806e+07 -1.22821e+07 17150492.440601 
1131
4.2343e+07 -1.09396e+07 -1.08525e+07 16142987.799916 
1132
4.32873e+07 -9.56849e+06 -9.49914e+06 15244559.008263 
1133
4.41029e+07 -8.28619e+06 -8.21585e+06 14497729.809713 
1134
4.4802e+07 -7.0695e+06 -7.00061e+06 13898446.799436 
1135
4.53786e+07 -5.90928e+06 -5.84435e+06 13438985.583402 
1136
4.58466e+07 -4.81554e+06 -4.74775e+06 13143128.661421 
1137
4.61983e+07 -3.77743e+06 -3.70709e+06 13015764.615426 
1138
4.64451e+07 -2.80297e+06 -2.72574e+06 13073742.908056 
1139
4.65844e+07 -1.88565e+06 -1.80617e+06 13296099.509484 
1140
4.66189e+07 -1.03996e+06 -955738 13681339.220896 
1141
4.6549e+07 -274143 -186178 14247224.009890 
1142
4.63912e+07 400373 490825 14970909.656750 
1143
4.61512e+07 964180 1.0594e+06 15834921.919288 
1144
4.58429e+07 1.40961e+06 1.50605e+06 16797555.504064 
1145
4.54781e+07 1.72022e+06 1.81635e+06 17864899.989352 
1146
4.50758e+07 1.87945e+06 1.9752e+06 18970709.511490 
1147
4.52449e+07 1.94844e+06 2.04288e+06 20372705.048245 
1148
-3.3916e+07 -2.97994e+07 -3.32064e+07 -9774008.440346 
1149
-2.79013e+07 -3.24272e+07 -3.4176e+07 3993656.980813 
1150
-2.29289e+07 -3.81017e+07 -3.87226e+07 13324880.650666 
1151
-1.75447e+07 -4.23017e+07 -4.21462e+07 20175288.229350 
1152
-1.19758e+07 -4.51011e+07 -4.44514e+07 25016510.580384 
1153
-6.41998e+06 -4.66434e+07 -4.56473e+07 28279320.250190 
1154
-1.04628e+06 -4.70994e+07 -4.59408e+07 30317807.250168 
1155
4.04529e+06 -4.66724e+07 -4.54751e+07 31442724.599647 
1156
8.78269e+06 -4.55464e+07 -4.43582e+07 31871545.639683 
1157
1.31316e+07 -4.38916e+07 -4.27632e+07 31773496.680034 
1158
1.70967e+07 -4.18765e+07 -4.08378e+07 31294448.489589 
1159
2.06815e+07 -3.96029e+07 -3.86718e+07 30518827.699701 
1160
2.39217e+07 -3.71864e+07 -3.63742e+07 29530539.040029 
1161
2.68027e+07 -3.46657e+07 -3.39636e+07 28355686.620032 
1162
2.94127e+07 -3.21808e+07 -3.15735e+07 27107850.239759 
1163
3.17564e+07 -2.97028e+07 -2.92115e+07 25764367.370264 
1164
3.38501e+07 -2.73229e+07 -2.68981e+07 24409605.550312 
1165
3.57279e+07 -2.50002e+07 -2.46632e+07 23016498.169486 
1166
3.7404e+07 -2.27897e+07 -2.25171e+07 21645089.699370 
1167
3.89041e+07 -2.06862e+07 -2.04706e+07 20304886.019415 
1168
4.02337e+07 -1.87016e+07 -1.85228e+07 19022807.680611 
1169
4.14102e+07 -1.68236e+07 -1.66767e+07 17805409.040095 
1170
4.24609e+07 -1.50601e+07 -1.49343e+07 16676365.720635 
1171
4.33963e+07 -1.33874e+07 -1.32918e+07 15627480.800656 
1172
4.42151e+07 -1.18237e+07 -1.1738e+07 14701279.129615 
1173
4.49336e+07 -1.03498e+07 -1.02686e+07 13896739.320191 
1174
4.55505e+07 -8.94514e+06 -8.87645e+06 13207159.507665 
1175
4.60723e+07 -7.61526e+06 -7.55291e+06 12658232.919415 
1176
4.6502e+07 -6.36381e+06 -6.29308e+06 12270933.654346 
1177
4.68405e+07 -5.16377e+06 -5.09225e+06 12031236.489523 
1178
4.70872e+07 -4.02401e+06 -3.94809e+06 11959951.995734 
1179
4.72409e+07 -2.94497e+06 -2.86244e+06 12064689.668786 
1180
4.72997e+07 -1.92622e+06 -1.83858e+06 12351138.503472 
1181
4.72675e+07 -981043 -886365 12822310.299453 
1182
4.71358e+07 -122295 -17072.8 13476255.958215 
1183
4.69179e+07 642307 751582 14291873.505487 
1184
4.66127e+07 1.28514e+06 1.40229e+06 15277498.735416 
1185
4.62415e+07 1.7962e+06 1.91475e+06 16397639.997642 
1186
4.58118e+07 2.15476e+06 2.27417e+06 17602408.565141 
1187
4.53415e+07 2.34546e+06 2.46217e+06 18893462.921803 
1188
4.55371e+07 2.42172e+06 2.53993e+06 20501927.452428 
1189
-2.23837e+07 -3.49489e+07 -3.71844e+07 -3292211.563397 
1190
-1.64399e+07 -3.76734e+07 -3.82679e+07 9365708.628285 
1191
-1.11138e+07 -4.38152e+07 -4.33413e+07 17459811.000223 
1192
-5.50637e+06 -4.81923e+07 -4.70487e+07 23034924.239550 
1193
126514 -5.09274e+07 -4.94515e+07 26665865.460426 
1194
5.56347e+06 -5.22239e+07 -5.0552e+07 28852535.640003 
1195
1.06641e+07 -5.23141e+07 -5.06182e+07 29994631.289341 
1196
1.5328e+07 -5.14497e+07 -4.97968e+07 30404293.349993 
1197
1.95102e+07 -4.98524e+07 -4.83087e+07 30278959.559916 
1198
2.32355e+07 -4.77478e+07 -4.6357e+07 29788449.939687 
1199
2.65136e+07 -4.53081e+07 -4.40663e+07 29045309.400578 
1200
2.93919e+07 -4.26615e+07 -4.15738e+07 28114635.419738 
1201
3.19081e+07 -3.9877e+07 -3.89601e+07 27028869.360573 
1202
3.41112e+07 -3.71013e+07 -3.63086e+07 25872530.949833 
1203
3.60025e+07 -3.43164e+07 -3.36326e+07 24626672.489620 
1204
3.76865e+07 -3.16103e+07 -3.10402e+07 23350284.000700 
1205
3.91732e+07 -2.89945e+07 -2.85338e+07 22054283.769692 
1206
4.04703e+07 -2.65001e+07 -2.61169e+07 20768758.239596 
1207
4.1657e+07 -2.41229e+07 -2.38359e+07 19501154.360315 
1208
4.26559e+07 -2.18825e+07 -2.16383e+07 18278418.399479 
1209
4.35455e+07 -1.97446e+07 -1.95635e+07 17088139.310305 
1210
4.4337e+07 -1.77532e+07 -1.76077e+07 15981544.410031 
1211
4.50311e+07 -1.58691e+07 -1.57606e+07 14941178.600082 
1212
4.56445e+07 -1.41141e+07 -1.40204e+07 14006978.219449 
1213
4.61768e+07 -1.24511e+07 -1.2375e+07 13159632.169556 
1214
4.66454e+07 -1.08935e+07 -1.0821e+07 12435020.630573 
1215
4.70446e+07 -9.41057e+06 -9.3467e+06 11820958.112500 
1216
4.73752e+07 -8.00398e+06 -7.94239e+06 11339335.843533 
1217
4.76474e+07 -6.6775e+06 -6.60297e+06 11013572.768589 
1218
4.78552e+07 -5.39858e+06 -5.32207e+06 10829571.841539 
1219
4.79886e+07 -4.17666e+06 -4.09327e+06 10811823.488277 
1220
4.80531e+07 -3.01118e+06 -2.91924e+06 10971940.162025 
1221
4.80376e+07 -1.90141e+06 -1.80366e+06 11320123.690479 
1222
4.79311e+07 -861735 -754911 11864728.750544 
1223
4.77445e+07 92203.6 211571 12595365.293945 
1224
4.7463e+07 943967 1.07442e+06 13533855.848509 
1225
4.70961e+07 1.67319e+06 1.8095e+06 14641197.180219 
1226
4.66593e+07 2.25263e+06 2.39528e+06 15917528.440705 
1227
4.61588e+07 2.66008e+06 2.8062e+06 17298332.528960 
1228
4.56143e+07 2.88356e+06 3.02635e+06 18779373.678138 
1229
4.58385e+07 2.96907e+06 3.11469e+06 20635203.763916 
1230
-8.79508e+06 -4.06902e+07 -4.11324e+07 4178174.688160 
1231
-2.94845e+06 -4.33913e+07 -4.22746e+07 15444609.799945 
1232
2.75699e+06 -4.98598e+07 -4.79108e+07 21997130.809838 
1233
8.57922e+06 -5.42359e+07 -5.18698e+07 26020636.909532 
1234
1.41994e+07 -5.66948e+07 -5.4148e+07 28208145.020204 
1235
1.94168e+07 -5.75468e+07 -5.50228e+07 29168824.079488 
1236
2.40674e+07 -5.70485e+07 -5.46726e+07 29301724.259962 
1237
2.81239e+07 -5.56501e+07 -5.34296e+07 28979238.999946 
1238
3.15813e+07 -5.35051e+07 -5.15136e+07 28320176.700556 
1239
3.44921e+07 -5.08494e+07 -4.91488e+07 27442416.310482 
1240
3.69101e+07 -4.79747e+07 -4.64817e+07 26474385.750437 
1241
3.8923e+07 -4.49208e+07 -4.36598e+07 25408511.689471 
1242
4.05785e+07 -4.18146e+07 -4.07571e+07 24281418.959953 
1243
4.19547e+07 -3.87417e+07 -3.78599e+07 23121460.949926 
1244
4.31383e+07 -3.57369e+07 -3.50429e+07 21937002.529657 
1245
4.40829e+07 -3.28456e+07 -3.22662e+07 20748761.160175 
1246
4.48723e+07 -3.00496e+07 -2.95958e+07 19544755.199933 
1247
4.5545e+07 -2.74175e+07 -2.70516e+07 18373371.460363 
1248
4.61156e+07 -2.49363e+07 -2.4635e+07 17235390.299768 
1249
4.65997e+07 -2.25727e+07 -2.23479e+07 16118919.679643 
1250
4.70159e+07 -2.03546e+07 -2.0191e+07 15055764.000515 
1251
4.73707e+07 -1.82938e+07 -1.8158e+07 14069343.390702 
1252
4.76749e+07 -1.63432e+07 -1.62443e+07 13141896.000307 
1253
4.79398e+07 -1.45334e+07 -1.44434e+07 12312105.560614 
1254
4.81707e+07 -1.28151e+07 -1.27454e+07 11560011.640658 
1255
4.83661e+07 -1.12003e+07 -1.11388e+07 10911191.930539 
1256
4.85326e+07 -9.67257e+06 -9.61413e+06 10374067.720099 
1257
4.8671e+07 -8.22087e+06 -8.16158e+06 9959631.752362 
1258
4.8774e+07 -6.84145e+06 -6.77024e+06 9689212.166100 
1259
4.88421e+07 -5.51031e+06 -5.43336e+06 9556867.113612 
1260
4.88673e+07 -4.23432e+06 -4.14294e+06 9587418.044501 
1261
4.88411e+07 -3.00124e+06 -2.89858e+06 9795639.688237 
1262
4.87521e+07 -1.81236e+06 -1.70336e+06 10187995.250261 
1263
4.85936e+07 -687162 -566180 10798894.393926 
1264
4.83454e+07 359509 495726 11629226.185361 
1265
4.80112e+07 1.30533e+06 1.45606e+06 12667786.269265 
1266
4.75909e+07 2.12581e+06 2.28402e+06 13931226.899880 
1267
4.70832e+07 2.77955e+06 2.94775e+06 15368575.200193 
1268
4.65087e+07 3.24628e+06 3.41835e+06 16966030.959535 
1269
4.58887e+07 3.50302e+06 3.67513e+06 18642786.295865 
1270
4.6144e+07 3.5972e+06 3.77503e+06 20788201.978677 
1271
7.18621e+06 -4.71486e+07 -4.50746e+07 12748366.441847 
1272
1.28666e+07 -4.9664e+07 -4.62603e+07 22256673.599292 
1273
1.89809e+07 -5.6276e+07 -5.23634e+07 26883811.780454 
1274
2.49654e+07 -6.03585e+07 -5.6394e+07 28979417.090613 
1275
3.04713e+07 -6.23036e+07 -5.84775e+07 29491075.600389 
1276
3.52741e+07 -6.24177e+07 -5.8895e+07 29057985.060248 
1277
3.92816e+07 -6.11571e+07 -5.80324e+07 28146470.649283 
1278
4.2498e+07 -5.89795e+07 -5.62514e+07 27050900.239948 
1279
4.49875e+07 -5.62038e+07 -5.38303e+07 25899951.569427 
1280
4.68614e+07 -5.30241e+07 -5.10197e+07 24725622.049673 
1281
4.82211e+07 -4.96641e+07 -4.79759e+07 23570463.359598 
1282
4.92353e+07 -4.62642e+07 -4.48839e+07 22441997.839863 
1283
4.98872e+07 -4.28841e+07 -4.17282e+07 21323421.389671 
1284
5.03238e+07 -3.95579e+07 -3.86362e+07 20201677.110125 
1285
5.05927e+07 -3.64007e+07 -3.56352e+07 19115949.100120 
1286
5.07336e+07 -3.33435e+07 -3.27466e+07 18019433.349379 
1287
5.07844e+07 -3.04494e+07 -2.9988e+07 16944474.200198 
1288
5.07707e+07 -2.77204e+07 -2.73678e+07 15895042.380272 
1289
5.07145e+07 -2.51535e+07 -2.48907e+07 14876580.969768 
1290
5.06331e+07 -2.27696e+07 -2.25573e+07 13912237.420638 
1291
5.05322e+07 -2.05208e+07 -2.03611e+07 12983976.649790 
1292
5.04276e+07 -1.84152e+07 -1.82994e+07 12110915.180114 
1293
5.03218e+07 -1.64486e+07 -1.63632e+07 11303884.159993 
1294
5.02222e+07 -1.46056e+07 -1.45434e+07 10569489.059562 
1295
5.01244e+07 -1.28795e+07 -1.28282e+07 9917902.760216 
1296
5.00428e+07 -1.1253e+07 -1.12091e+07 9356592.380341 
1297
4.99621e+07 -9.7129e+06 -9.66982e+06 8895413.223323 
1298
4.98953e+07 -8.25127e+06 -8.20121e+06 8546223.167872 
1299
4.98296e+07 -6.85036e+06 -6.79064e+06 8320561.791027 
1300
4.97571e+07 -5.49868e+06 -5.42636e+06 8233292.606411 
1301
4.96775e+07 -4.18706e+06 -4.10059e+06 8301850.680202 
1302
4.95682e+07 -2.91518e+06 -2.80792e+06 8546654.499532 
1303
4.9422e+07 -1.66866e+06 -1.54878e+06 8989281.572683 
1304
4.92157e+07 -466371 -332305 9653684.750556 
1305
4.89308e+07 666640 823458 10550080.612686 
1306
4.85522e+07 1.71487e+06 1.88612e+06 11710771.099943 
1307
4.80785e+07 2.62984e+06 2.81923e+06 13110322.680066 
1308
4.7513e+07 3.38107e+06 3.57487e+06 14752130.489776 
1309
4.68635e+07 3.91198e+06 4.11618e+06 16560875.164411 
1310
4.61587e+07 4.20664e+06 4.4154e+06 18480343.274589 
1311
4.64522e+07 4.31752e+06 4.52921e+06 20924691.555405 
1312
2.60277e+07 -5.45145e+07 -4.90545e+07 22576248.699640 
1313
3.14384e+07 -5.6593e+07 -5.0238e+07 29814130.889664 
1314
3.79683e+07 -6.30328e+07 -5.67453e+07 31971421.609934 
1315
4.40243e+07 -6.64918e+07 -6.06682e+07 31724635.569894 
1316
4.92028e+07 -6.7488e+07 -6.22511e+07 30258614.609672 
1317
5.33471e+07 -6.65705e+07 -6.20235e+07 28330378.979651 
1318
5.63394e+07 -6.43864e+07 -6.0402e+07 26405510.009601 
1319
5.84139e+07 -6.12955e+07 -5.7985e+07 24613105.320294 
1320
5.96305e+07 -5.77647e+07 -5.50078e+07 23030841.000021 
1321
6.02125e+07 -5.40511e+07 -5.17584e+07 21650309.100630 
1322
6.03096e+07 -5.02475e+07 -4.83869e+07 20396638.740353 
1323
6.00746e+07 -4.65508e+07 -4.50123e+07 19267959.750207 
1324
5.961e+07 -4.2888e+07 -4.16979e+07 18178560.450529 
1325
5.8996e+07 -3.94311e+07 -3.84843e+07 17162235.500136 
1326
5.82926e+07 -3.61448e+07 -3.53983e+07 16179771.400616 
1327
5.75461e+07 -3.30353e+07 -3.24566e+07 15222924.799546 
1328
5.6793e+07 -3.01142e+07 -2.96701e+07 14294740.170189 
1329
5.60511e+07 -2.73758e+07 -2.70392e+07 13394417.840581 
1330
5.53322e+07 -2.47921e+07 -2.45614e+07 12514007.299655 
1331
5.46515e+07 -2.2399e+07 -2.22354e+07 11680327.680464 
1332
5.40147e+07 -2.01723e+07 -2.00549e+07 10891496.189983 
1333
5.34311e+07 -1.80977e+07 -1.80139e+07 10151834.090169 
1334
5.28918e+07 -1.61589e+07 -1.6099e+07 9466487.099573 
1335
5.24102e+07 -1.43448e+07 -1.43041e+07 8843176.640222 
1336
5.19806e+07 -1.26478e+07 -1.26154e+07 8290941.250402 
1337
5.16002e+07 -1.10431e+07 -1.10194e+07 7809915.879460 
1338
5.12753e+07 -9.53504e+06 -9.50575e+06 7423796.480496 
1339
5.09944e+07 -8.09617e+06 -8.05762e+06 7135204.708327 
1340
5.07569e+07 -6.71675e+06 -6.66141e+06 6957798.912971 
1341
5.05505e+07 -5.37221e+06 -5.30374e+06 6906012.215892 
1342
5.03678e+07 -4.06003e+06 -3.97273e+06 7000744.299690 
1343
5.01915e+07 -2.77063e+06 -2.65816e+06 7265812.480330 
1344
4.99951e+07 -1.48505e+06 -1.35601e+06 7729428.811863 
1345
4.97626e+07 -223706 -73320.9 8417228.772556 
1346
4.94651e+07 998422 1.17364e+06 9378554.848601 
1347
4.90707e+07 2.1502e+06 2.34966e+06 10624227.300066 
1348
4.85664e+07 3.18804e+06 3.40387e+06 12185821.659540 
1349
4.79447e+07 4.04315e+06 4.2743e+06 14021332.195857 
1350
4.72269e+07 4.66453e+06 4.90391e+06 16087996.837354 
1351
4.64387e+07 5.00691e+06 5.25583e+06 18288398.147620 
1352
4.67693e+07 5.12841e+06 5.38672e+06 21064220.635938 
1353
4.83785e+07 -6.2963e+07 -5.31489e+07 33875362.010719 
1354
5.33804e+07 -6.42105e+07 -5.42798e+07 38068033.170457 
1355
6.02932e+07 -7.01112e+07 -6.10465e+07 37052340.580656 
1356
6.61695e+07 -7.24341e+07 -6.44864e+07 33931399.579699 
1357
7.07027e+07 -7.19819e+07 -6.52354e+07 30223563.479579 
1358
7.37121e+07 -6.96503e+07 -6.39989e+07 26773988.219916 
1359
7.53134e+07 -6.61937e+07 -6.15057e+07 23888307.359588 
1360
7.57644e+07 -6.21633e+07 -5.83141e+07 21581421.550439 
1361
7.53438e+07 -5.78885e+07 -5.47818e+07 19733455.940490 
1362
7.43227e+07 -5.36397e+07 -5.11356e+07 18246770.880539 
1363
7.2919e+07 -4.95244e+07 -4.751e+07 17013149.119894 
1364
7.12919e+07 -4.55543e+07 -4.39772e+07 15936199.560102 
1365
6.95557e+07 -4.17992e+07 -4.0579e+07 14971254.550418 
1366
6.77901e+07 -3.82964e+07 -3.73354e+07 14089660.940272 
1367
6.60505e+07 -3.49777e+07 -3.4259e+07 13244832.759557 
1368
6.43615e+07 -3.18761e+07 -3.13477e+07 12436384.920563 
1369
6.27642e+07 -2.89801e+07 -2.861e+07 11655926.400229 
1370
6.12548e+07 -2.631e+07 -2.60353e+07 10914060.640304 
1371
5.98472e+07 -2.38021e+07 -2.36215e+07 10190123.879566 
1372
5.85491e+07 -2.1492e+07 -2.13639e+07 9506829.929988 
1373
5.73601e+07 -1.93186e+07 -1.92543e+07 8847417.499719 
1374
5.62844e+07 -1.73242e+07 -1.72851e+07 8239840.069802 
1375
5.5308e+07 -1.54484e+07 -1.54421e+07 7668881.100493 
1376
5.44338e+07 -1.37179e+07 -1.37161e+07 7158162.059493 
1377
5.36611e+07 -1.20963e+07 -1.20959e+07 6704487.770364 
1378
5.29884e+07 -1.05643e+07 -1.05676e+07 6310087.989596 
1379
5.24083e+07 -9.12413e+06 -9.11672e+06 5994837.875119 
1380
5.19098e+07 -7.75292e+06 -7.72688e+06 5763009.549623 
1381
5.15018e+07 -6.42864e+06 -6.38414e+06 5626167.364953 
1382
5.11587e+07 -5.13417e+06 -5.06891e+06 5600407.457753 
1383
5.08792e+07 -3.85408e+06 -3.76706e+06 5701426.028688 
1384
5.06447e+07 -2.57206e+06 -2.46359e+06 5966361.399315 
1385
5.04297e+07 -1.28268e+06 -1.1479e+06 6425134.890689 
1386
5.02005e+07 15952.2 182000 7120568.470523 
1387
4.99163e+07 1.31923e+06 1.51318e+06 8095166.155328 
1388
4.95435e+07 2.5879e+06 2.81099e+06 9415062.727256 
1389
4.90365e+07 3.76417e+06 4.01287e+06 11100718.790514 
1390
4.83901e+07 4.76191e+06 5.03387e+06 13156914.629915 
1391
4.76086e+07 5.50184e+06 5.78484e+06 15536368.686576 
1392
4.67355e+07 5.91527e+06 6.20473e+06 18080301.570042 
1393
4.71139e+07 6.05158e+06 6.36011e+06 21216041.768262 
1394
7.51967e+07 -7.2814e+07 -5.74918e+07 46957870.920258 
1395
7.94655e+07 -7.27944e+07 -5.83925e+07 47039198.799992 
1396
8.6586e+07 -7.74006e+07 -6.51016e+07 41745464.900062 
1397
9.19533e+07 -7.77403e+07 -6.76035e+07 35074074.060163 
1398
9.52372e+07 -7.52066e+07 -6.69675e+07 28976423.399963 
1399
9.64768e+07 -7.10807e+07 -6.43936e+07 24165093.339461 
1400
9.60052e+07 -6.6203e+07 -6.08277e+07 20591624.989591 
1401
9.43162e+07 -6.11045e+07 -5.68817e+07 17974221.059664 
1402
9.18349e+07 -5.62499e+07 -5.28721e+07 16085209.720680 
1403
8.89122e+07 -5.16105e+07 -4.89603e+07 14649201.389455 
1404
8.57836e+07 -4.7246e+07 -4.52123e+07 13515233.999819 
1405
8.26056e+07 -4.32333e+07 -4.16555e+07 12590895.279405 
1406
7.94964e+07 -3.94739e+07 -3.83015e+07 11780706.500499 
1407
7.65036e+07 -3.60276e+07 -3.51428e+07 11061185.699829 
1408
7.36624e+07 -3.27956e+07 -3.2172e+07 10379321.819863 
1409
7.10061e+07 -2.98329e+07 -2.93887e+07 9742445.709323 
1410
6.85276e+07 -2.70833e+07 -2.67789e+07 9129448.109772 
1411
6.62409e+07 -2.45351e+07 -2.43395e+07 8538506.489785 
1412
6.41356e+07 -2.21701e+07 -2.20597e+07 7968297.320613 
1413
6.2219e+07 -1.99842e+07 -1.99356e+07 7423973.460490 
1414
6.0473e+07 -1.79533e+07 -1.79542e+07 6905229.610169 
1415
5.88964e+07 -1.6095e+07 -1.61079e+07 6426682.950650 
1416
5.74752e+07 -1.43505e+07 -1.43845e+07 5976086.439807 
1417
5.62155e+07 -1.27315e+07 -1.27761e+07 5566912.819653 
1418
5.51035e+07 -1.12303e+07 -1.12685e+07 5208267.629922 
1419
5.41272e+07 -9.81399e+06 -9.84723e+06 4896596.757477 
1420
5.32912e+07 -8.483e+06 -8.49954e+06 4647880.579793 
1421
5.25842e+07 -7.21481e+06 -7.20861e+06 4466645.512713 
1422
5.19939e+07 -5.98007e+06 -5.9562e+06 4359090.455383 
1423
5.15221e+07 -4.7779e+06 -4.72454e+06 4349455.575602 
1424
5.11575e+07 -3.57509e+06 -3.49333e+06 4453150.847193 
1425
5.08721e+07 -2.3506e+06 -2.24055e+06 4698196.971290 
1426
5.06561e+07 -1.09521e+06 -948199 5123006.384724 
1427
5.04665e+07 219641 397168 5772796.672189 
1428
5.025e+07 1.57754e+06 1.79573e+06 6724783.120154 
1429
4.99467e+07 2.96912e+06 3.22023e+06 8047973.009956 
1430
4.94977e+07 4.31924e+06 4.60325e+06 9836674.526558 
1431
4.88628e+07 5.51719e+06 5.82847e+06 12116024.439566 
1432
4.80433e+07 6.42096e+06 6.7554e+06 14834339.045518 
1433
4.70895e+07 6.93112e+06 7.27477e+06 17805006.759858 
1434
4.75273e+07 7.10555e+06 7.46819e+06 21398739.735356 
1435
1.07952e+08 -8.45535e+07 -6.23244e+07 62345458.599626 
1436
1.11005e+08 -8.22123e+07 -6.27523e+07 56375404.939756 
1437
1.17845e+08 -8.43719e+07 -6.87783e+07 45212217.319301 
1438
1.21945e+08 -8.16675e+07 -6.94485e+07 34389265.279813 
1439
1.23029e+08 -7.63155e+07 -6.67444e+07 26082005.589908 
1440
1.21501e+08 -6.99555e+07 -6.25033e+07 20342932.760226 
1441
1.18108e+08 -6.3621e+07 -5.78464e+07 16526728.519664 
1442
1.1363e+08 -5.77861e+07 -5.32899e+07 13983376.020401 
1443
1.0865e+08 -5.24336e+07 -4.90087e+07 12234720.700537 
1444
1.03544e+08 -4.76577e+07 -4.50435e+07 11001624.899622 
1445
9.85109e+07 -4.33615e+07 -4.13708e+07 10087579.839541 
1446
9.36857e+07 -3.94274e+07 -3.79696e+07 9354948.780175 
1447
8.91323e+07 -3.58777e+07 -3.48105e+07 8745847.679440 
1448
8.48779e+07 -3.26307e+07 -3.18696e+07 8205940.400243 
1449
8.09277e+07 -2.96385e+07 -2.91262e+07 7703161.220001 
1450
7.72783e+07 -2.68944e+07 -2.65652e+07 7229908.139768 
1451
7.39303e+07 -2.43551e+07 -2.41779e+07 6771229.940014 
1452
7.08626e+07 -2.20433e+07 -2.19512e+07 6336994.199863 
1453
6.80699e+07 -1.98835e+07 -1.98783e+07 5909834.089290 
1454
6.5538e+07 -1.79071e+07 -1.79504e+07 5504887.029455 
1455
6.3243e+07 -1.60806e+07 -1.61559e+07 5119021.879899 
1456
6.11743e+07 -1.43992e+07 -1.44866e+07 4757311.419921 
1457
5.93289e+07 -1.28391e+07 -1.2935e+07 4420355.589487 
1458
5.76822e+07 -1.13887e+07 -1.14871e+07 4112436.919710 
1459
5.62258e+07 -1.00519e+07 -1.01328e+07 3842876.479678 
1460
5.49599e+07 -8.79322e+06 -8.86058e+06 3608307.958672 
1461
5.38649e+07 -7.61158e+06 -7.65441e+06 3420842.909208 
1462
5.29449e+07 -6.47959e+06 -6.5004e+06 3281451.018169 
1463
5.21822e+07 -5.38801e+06 -5.3792e+06 3205415.557804 
1464
5.15752e+07 -4.30949e+06 -4.27123e+06 3199824.390538 
1465
5.11209e+07 -3.23026e+06 -3.1536e+06 3288930.871324 
1466
5.08022e+07 -2.10802e+06 -2.00015e+06 3495097.290525 
1467
5.0598e+07 -934256 -781507 3856901.780513 
1468
5.04789e+07 335353 530087 4428089.861991 
1469
5.03868e+07 1.71535e+06 1.95652e+06 5281915.595161 
1470
5.02426e+07 3.21062e+06 3.49487e+06 6536201.610496 
1471
4.99351e+07 4.75934e+06 5.09035e+06 8322678.438564 
1472
4.9389e+07 6.23838e+06 6.59953e+06 10788236.664574 
1473
4.85785e+07 7.4059e+06 7.80242e+06 13908042.444700 
1474
4.7567e+07 8.07528e+06 8.48279e+06 17456189.383717 
1475
4.80925e+07 8.30687e+06 8.74279e+06 21646879.264326 
1476
1.49121e+08 -9.8831e+07 -6.80949e+07 80843295.239922 
1477
1.49745e+08 -9.24346e+07 -6.74374e+07 65394786.860339 
1478
1.55328e+08 -9.02552e+07 -7.15381e+07 46075134.239644 
1479
1.56751e+08 -8.27779e+07 -6.89586e+07 30832459.299870 
1480
1.5402e+08 -7.37772e+07 -6.33936e+07 21207565.550478 
1481
1.4828e+08 -6.52207e+07 -5.74306e+07 15502885.260648 
1482
1.40884e+08 -5.79113e+07 -5.19739e+07 12035519.599634 
1483
1.32986e+08 -5.1639e+07 -4.71897e+07 9869473.310453 
1484
1.25157e+08 -4.63073e+07 -4.29966e+07 8483372.209757 
1485
1.17677e+08 -4.17103e+07 -3.9279e+07 7557388.679976 
1486
1.10663e+08 -3.77298e+07 -3.59371e+07 6910021.839383 
1487
1.0416e+08 -3.41413e+07 -3.28977e+07 6404470.439838 
1488
9.81595e+07 -3.09591e+07 -3.01044e+07 5996470.139242 
1489
9.26476e+07 -2.80698e+07 -2.75218e+07 5635003.020605 
1490
8.75986e+07 -2.54603e+07 -2.51239e+07 5305155.179828 
1491
8.29963e+07 -2.30404e+07 -2.28959e+07 4982816.680572 
1492
7.87908e+07 -2.08471e+07 -2.08189e+07 4676597.160368 
1493
7.49767e+07 -1.88303e+07 -1.88882e+07 4377760.329914 
1494
7.15139e+07 -1.69868e+07 -1.70916e+07 4089844.079628 
1495
6.83894e+07 -1.52764e+07 -1.54238e+07 3808288.310409 
1496
6.5562e+07 -1.3715e+07 -1.38729e+07 3542135.790162 
1497
6.30321e+07 -1.22627e+07 -1.24353e+07 3286898.579875 
1498
6.07616e+07 -1.09302e+07 -1.10986e+07 3051330.219440 
1499
5.87516e+07 -9.70556e+06 -9.85711e+06 2837185.727307 
1500
5.69742e+07 -8.56573e+06 -8.69823e+06 2645384.220177 
1501
5.54164e+07 -7.50693e+06 -7.61089e+06 2482104.093757 
1502
5.40793e+07 -6.50538e+06 -6.58424e+06 2347255.788281 
1503
5.29428e+07 -5.55499e+06 -5.60234e+06 2248572.959290 
1504
5.20001e+07 -4.63814e+06 -4.64851e+06 2194666.307760 
1505
5.12581e+07 -3.7336e+06 -3.70443e+06 2193802.324004 
1506
5.07073e+07 -2.80933e+06 -2.74538e+06 2257992.610071 
1507
5.03387e+07 -1.84754e+06 -1.74213e+06 2413595.425707 
1508
5.0154e+07 -813145 -658835 2691301.277867 
1509
5.0128e+07 342999 547516 3141326.681215 
1510
5.02197e+07 1.66503e+06 1.92604e+06 3841771.363187 
1511
5.03409e+07 3.19785e+06 3.51897e+06 4910992.527432 
1512
5.03299e+07 4.94956e+06 5.32458e+06 6542077.407364 
1513
5.00137e+07 6.79203e+06 7.22049e+06 9028811.689465 
1514
4.93089e+07 8.40105e+06 8.8674e+06 12588010.512530 
1515
4.82974e+07 9.37312e+06 9.85349e+06 16971576.415385 
1516
4.89855e+07 9.73308e+06 1.02434e+07 22064312.360068 
1517
2.03152e+08 -1.16896e+08 -7.57244e+07 104023261.600544 
1518
1.9861e+08 -1.02723e+08 -7.23338e+07 72187815.649838 
1519
2.00554e+08 -9.25189e+07 -7.19829e+07 41320053.140152 
1520
1.96677e+08 -7.81745e+07 -6.38564e+07 23432945.689186 
1521
1.87559e+08 -6.5676e+07 -5.52467e+07 15044494.310417 
1522
1.75366e+08 -5.58157e+07 -4.82192e+07 10284613.350151 
1523
1.63014e+08 -4.83323e+07 -4.27564e+07 7628126.160422 
1524
1.51309e+08 -4.24902e+07 -3.83897e+07 6088853.539835 
1525
1.40518e+08 -3.77269e+07 -3.47738e+07 5165133.379944 
1526
1.30685e+08 -3.37694e+07 -3.16766e+07 4587493.369249 
1527
1.21749e+08 -3.03663e+07 -2.89446e+07 4197393.219572 
1528
1.13624e+08 -2.74207e+07 -2.64802e+07 3915692.979922 
1529
1.06248e+08 -2.47878e+07 -2.42268e+07 3684368.729562 
1530
9.95528e+07 -2.2445e+07 -2.21469e+07 3483733.719792 
1531
9.34681e+07 -2.02955e+07 -2.02143e+07 3290494.760221 
1532
8.79523e+07 -1.83567e+07 -1.84163e+07 3105540.839807 
1533
8.29519e+07 -1.65955e+07 -1.67412e+07 2924455.660180 
1534
7.84282e+07 -1.49784e+07 -1.51817e+07 2744322.830580 
1535
7.43399e+07 -1.34735e+07 -1.37311e+07 2562632.730557 
1536
7.0653e+07 -1.21212e+07 -1.23833e+07 2391023.939816 
1537
6.73424e+07 -1.08644e+07 -1.11339e+07 2222474.759767 
1538
6.43663e+07 -9.7158e+06 -9.97429e+06 2063027.579896 
1539
6.17186e+07 -8.66303e+06 -8.90096e+06 1914721.139990 
1540
5.9356e+07 -7.69372e+06 -7.90355e+06 1778526.387808 
1541
5.72727e+07 -6.79333e+06 -6.97616e+06 1655885.646003 
1542
5.54509e+07 -5.95849e+06 -6.10953e+06 1549937.486218 
1543
5.38702e+07 -5.17855e+06 -5.29262e+06 1463324.466619 
1544
5.2521e+07 -4.43602e+06 -4.51389e+06 1398960.562073 
1545
5.14063e+07 -3.72604e+06 -3.7601e+06 1363394.575986 
1546
5.05132e+07 -3.01789e+06 -3.01351e+06 1360270.810591 
1547
4.98431e+07 -2.30712e+06 -2.25283e+06 1403025.295644 
1548
4.94106e+07 -1.55165e+06 -1.45027e+06 1505305.463249 
1549
4.92144e+07 -723752 -568283 1692081.424607 
1550
4.92657e+07 233365 444476 2002907.008294 
1551
4.95629e+07 1.38122e+06 1.65899e+06 2503431.204335 
1552
5.00539e+07 2.81782e+06 3.16662e+06 3303712.244046 
1553
5.05888e+07 4.64486e+06 5.07228e+06 4600443.553475 
1554
5.07509e+07 6.87797e+06 7.37976e+06 6695127.380251 
1555
5.03737e+07 9.22997e+06 9.78868e+06 10476561.660202 
1556
4.95356e+07 1.07716e+07 1.13688e+07 16099628.390504 
1557
5.05603e+07 1.14689e+07 1.20966e+07 22758768.479753 
1558
2.80505e+08 -1.41124e+08 -8.71649e+07 135716302.900043 
1559
2.60944e+08 -1.10174e+08 -7.71778e+07 68430619.610205 
1560
2.5505e+08 -8.39277e+07 -6.48057e+07 26214283.780213 
1561
2.4187e+08 -6.37955e+07 -5.0486e+07 15499586.339638 
1562
2.20102e+08 -5.00169e+07 -4.06322e+07 8982472.719814 
1563
2.00155e+08 -4.11422e+07 -3.44401e+07 5755119.089907 
1564
1.82607e+08 -3.4947e+07 -3.01686e+07 4047419.300713 
1565
1.67319e+08 -3.03889e+07 -2.70162e+07 3138527.860645 
1566
1.5386e+08 -2.68329e+07 -2.45051e+07 2638445.490666 
1567
1.41932e+08 -2.39013e+07 -2.23883e+07 2347281.199558 
1568
1.31267e+08 -2.14657e+07 -2.05227e+07 2170649.879294 
1569
1.217e+08 -1.93296e+07 -1.88327e+07 2044631.560643 
1570
1.13097e+08 -1.7448e+07 -1.72757e+07 1944596.439904 
1571
1.05322e+08 -1.57786e+07 -1.5823e+07 1855720.890089 
1572
9.83044e+07 -1.42533e+07 -1.44644e+07 1765978.379979 
1573
9.19704e+07 -1.28785e+07 -1.31915e+07 1676464.670175 
1574
8.62428e+07 -1.16256e+07 -1.19981e+07 1584987.220569 
1575
8.10776e+07 -1.04764e+07 -1.08825e+07 1491262.670243 
1576
7.64164e+07 -9.43412e+06 -9.84093e+06 1398386.110018 
1577
7.22307e+07 -8.47363e+06 -8.87263e+06 1305467.688881 
1578
6.84732e+07 -7.59033e+06 -7.97343e+06 1214394.792288 
1579
6.51067e+07 -6.78621e+06 -7.13955e+06 1127604.954802 
1580
6.21021e+07 -6.04266e+06 -6.36732e+06 1045069.604433 
1581
5.94352e+07 -5.36688e+06 -5.65232e+06 969932.612557 
1582
5.70751e+07 -4.74575e+06 -4.98853e+06 902331.249523 
1583
5.5e+07 -4.17273e+06 -4.36964e+06 843589.768397 
1584
5.31979e+07 -3.63511e+06 -3.78907e+06 794826.693476 
1585
5.16497e+07 -3.13011e+06 -3.23805e+06 758430.510172 
1586
5.03512e+07 -2.64255e+06 -2.70676e+06 736717.853600 
1587
4.9294e+07 -2.1675e+06 -2.18252e+06 734588.775144 
1588
4.84866e+07 -1.68889e+06 -1.64953e+06 756614.411789 
1589
4.79409e+07 -1.17421e+06 -1.08599e+06 813087.348091 
1590
4.76748e+07 -609975 -460846 919195.403744 
1591
4.77244e+07 59523.8 271884 1100639.669863 
1592
4.81493e+07 895986 1.18347e+06 1402777.669885 
1593
4.89934e+07 2.01113e+06 2.39035e+06 1907833.849716 
1594
5.0268e+07 3.59517e+06 4.07337e+06 2766504.972419 
1595
5.17521e+07 5.93357e+06 6.53773e+06 4284542.411439 
1596
5.19241e+07 9.09724e+06 9.79273e+06 6753317.457307 
1597
5.15474e+07 1.2303e+07 1.30362e+07 13841842.180263 
1598
5.39298e+07 1.38015e+07 1.4602e+07 24289482.000212 
1599
4.02172e+08 -1.75709e+08 -1.08432e+08 183965955.000505 
1600
3.42607e+08 -8.6674e+07 -6.46039e+07 24330582.189928 
1601
3.29323e+08 -5.52351e+07 -4.08342e+07 21249815.080303 
1602
2.79906e+08 -3.60731e+07 -2.57991e+07 9381051.049668 
1603
2.45429e+08 -2.71749e+07 -1.99272e+07 4982679.317397 
1604
2.19026e+08 -2.1828e+07 -1.67337e+07 2915959.459731 
1605
1.97715e+08 -1.83631e+07 -1.48664e+07 1943254.960483 
1606
1.79831e+08 -1.58898e+07 -1.35807e+07 1456737.379913 
1607
1.64406e+08 -1.40155e+07 -1.25756e+07 1206602.079256 
1608
1.50846e+08 -1.24676e+07 -1.17028e+07 1068611.579491 
1609
1.38824e+08 -1.11852e+07 -1.08984e+07 988789.350105 
1610
1.28075e+08 -1.00628e+07 -1.01306e+07 934333.097274 
1611
1.18427e+08 -9.0867e+06 -9.38814e+06 892402.086351 
1612
1.09745e+08 -8.21095e+06 -8.66819e+06 853721.112611 
1613
1.01919e+08 -7.41019e+06 -7.97182e+06 814321.879966 
1614
9.48598e+07 -6.69759e+06 -7.30187e+06 774890.798998 
1615
8.85039e+07 -6.04188e+06 -6.66213e+06 732983.129393 
1616
8.27758e+07 -5.43697e+06 -6.05442e+06 689565.452427 
1617
7.76351e+07 -4.89682e+06 -5.4818e+06 646745.655979 
1618
7.30132e+07 -4.39147e+06 -4.94396e+06 602870.158512 
1619
6.88711e+07 -3.93077e+06 -4.44152e+06 560274.795080 
1620
6.51672e+07 -3.5144e+06 -3.97388e+06 519563.403622 
1621
6.18631e+07 -3.13322e+06 -3.53967e+06 481009.293072 
1622
5.89243e+07 -2.78218e+06 -3.13682e+06 445425.264063 
1623
5.63261e+07 -2.46112e+06 -2.7631e+06 413286.842756 
1624
5.40355e+07 -2.16444e+06 -2.41502e+06 384814.820672 
1625
5.20302e+07 -1.89363e+06 -2.08893e+06 361496.664149 
1626
5.02971e+07 -1.6365e+06 -1.78059e+06 343582.993040 
1627
4.88177e+07 -1.39476e+06 -1.48442e+06 332827.831488 
1628
4.75901e+07 -1.15861e+06 -1.19393e+06 330331.840622 
1629
4.66098e+07 -917583 -900172 339459.517487 
1630
4.58934e+07 -662831 -591325 364289.371829 
1631
4.5463e+07 -383380 -249729 413402.698352 
1632
4.53735e+07 -51712.5 151742 500494.188929 
1633
4.57094e+07 372038 658671 652186.312501 
1634
4.66252e+07 966104 1.35171e+06 921865.446500 
1635
4.83876e+07 1.88584e+06 2.39745e+06 1428468.709585 
1636
5.13944e+07 3.40647e+06 4.09496e+06 2405121.203258 
1637
5.6022e+07 6.47405e+06 7.43731e+06 4526404.496140 
1638
5.50106e+07 1.09249e+07 1.19504e+07 5707657.470701 
1639
6.09811e+07 1.75509e+07 1.87054e+07 27490676.359772 
1640
7.28773e+08 -2.325e+08 -1.59333e+08 307137610.200225 
1641
5.03628e+08 -7.09221e+07 -5.95149e+07 35836601.399569 
1642
3.57726e+08 -2.52e+07 -1.26053e+07 20931177.480122 
1643
2.93781e+08 -1.69011e+07 -8.31245e+06 6467741.531463 
1644
2.57791e+08 -1.20688e+07 -5.72704e+06 5004220.006297 
1645
2.30129e+08 -9.65383e+06 -5.19114e+06 3726393.678328 
1646
2.07794e+08 -8.08417e+06 -5.05611e+06 3129818.072831 
1647
1.88779e+08 -6.97923e+06 -5.06156e+06 2681750.648394 
1648
1.72234e+08 -6.12405e+06 -5.05704e+06 2326725.354071 
1649
1.57586e+08 -5.46521e+06 -4.99836e+06 2020251.662651 
1650
1.44524e+08 -4.89557e+06 -4.87663e+06 1746134.770698 
1651
1.3282e+08 -4.39291e+06 -4.69824e+06 1497070.939043 
1652
1.22274e+08 -3.96671e+06 -4.47337e+06 1269530.041295 
1653
1.12789e+08 -3.57555e+06 -4.21602e+06 1061914.398649 
1654
1.04242e+08 -3.22566e+06 -3.9374e+06 872653.871974 
1655
9.65429e+07 -2.91897e+06 -3.64744e+06 701894.204077 
1656
8.962e+07 -2.62556e+06 -3.35484e+06 547469.715986 
1657
8.33928e+07 -2.37102e+06 -3.06548e+06 408925.825248 
1658
7.77988e+07 -2.12923e+06 -2.78426e+06 284421.313288 
1659
7.27957e+07 -1.90986e+06 -2.515e+06 173307.331108 
1660
6.83142e+07 -1.70813e+06 -2.25924e+06 74317.977111 
1661
6.43197e+07 -1.52843e+06 -2.0186e+06 -13776.096131 
1662
6.07539e+07 -1.36352e+06 -1.79296e+06 -92440.047009 
1663
5.75888e+07 -1.20722e+06 -1.58241e+06 -163099.956030 
1664
5.4781e+07 -1.07211e+06 -1.38593e+06 -226924.893330 
1665
5.22973e+07 -943825 -1.20226e+06 -285442.381271 
1666
5.01139e+07 -825628 -1.02986e+06 -339480.652767 
1667
4.82006e+07 -718748 -866504 -391343.206514 
1668
4.65418e+07 -613051 -709819 -441453.922109 
1669
4.51134e+07 -511660 -556406 -491361.073701 
1670
4.39208e+07 -415146 -402319 -542305.904373 
1671
4.29552e+07 -305125 -241953 -596127.929017 
1672
4.22293e+07 -186564 -66978.7 -652868.914668 
1673
4.17795e+07 -51266.9 135385 -711403.192633 
1674
4.1668e+07 129866 386682 -768071.560936 
1675
4.20167e+07 385571 729749 -812403.838528 
1676
4.31389e+07 783282 1.24078e+06 -762912.471778 
1677
4.55899e+07 1.59171e+06 2.20972e+06 -585222.220586 
1678
5.24996e+07 2.95808e+06 3.88285e+06 1654333.724395 
1679
6.89561e+07 1.03033e+07 1.19713e+07 4659646.369292 
1680
9.67615e+07 2.55831e+07 2.8348e+07 43598146.999822 
