Node 
P11             P12             P21             P22             
0
3.62632e+08 1.09007e+08 8.73218e+07 159908300.000018 
1
2.55288e+08 3.7088e+07 3.26503e+07 20062849.139697 
2
1.8694e+08 1.28525e+07 8.99459e+06 12100236.759800 
3
1.5373e+08 8.79561e+06 6.29485e+06 4182180.370323 
4
1.34913e+08 6.34969e+06 4.5711e+06 3169033.737226 
5
1.20373e+08 5.1304e+06 3.91768e+06 2387331.639336 
6
1.08525e+08 4.30559e+06 3.52525e+06 1971159.552181 
7
9.84138e+07 3.73016e+06 3.25987e+06 1654623.548221 
8
8.95963e+07 3.27823e+06 3.04118e+06 1402854.778277 
9
8.18081e+07 2.91812e+06 2.84172e+06 1189260.016313 
10
7.48799e+07 2.60682e+06 2.64979e+06 1003642.045216 
11
6.86785e+07 2.34185e+06 2.46119e+06 841445.929664 
12
6.3112e+07 2.10546e+06 2.27573e+06 697950.156712 
13
5.81201e+07 1.8937e+06 2.09483e+06 570867.346060 
14
5.36294e+07 1.70587e+06 1.91934e+06 458895.278208 
15
4.96008e+07 1.53774e+06 1.75112e+06 359906.454829 
16
4.59795e+07 1.37849e+06 1.59088e+06 272293.895843 
17
4.27356e+07 1.23881e+06 1.43969e+06 195450.937243 
18
3.98295e+07 1.1102e+06 1.29789e+06 127652.096024 
19
3.7233e+07 994766 1.16579e+06 68207.474152 
20
3.49132e+07 890807 1.0432e+06 15970.458307 
21
3.28436e+07 793868 929823 -30101.884578 
22
3.1004e+07 707300 825327 -70788.072514 
23
2.9372e+07 626936 729101 -107003.851073 
24
2.79248e+07 552639 640345 -139581.292805 
25
2.66453e+07 486216 558260 -169192.002897 
26
2.55232e+07 427265 482003 -196848.517898 
27
2.45403e+07 368617 410397 -223040.994276 
28
2.36884e+07 315077 342209 -248780.252627 
29
2.29574e+07 264612 275886 -274637.474829 
30
2.23453e+07 210520 209437 -301054.936519 
31
2.18522e+07 155385 140216 -329252.663845 
32
2.14849e+07 95015.1 64299.3 -359370.144820 
33
2.12579e+07 23300.1 -24542.1 -391336.731023 
34
2.12082e+07 -69942.4 -136737 -422684.577298 
35
2.14019e+07 -203342 -293595 -448487.415073 
36
2.19954e+07 -412975 -532582 -425799.524520 
37
2.32976e+07 -838117 -1.00116e+06 -334444.074071 
38
2.69523e+07 -1.56878e+06 -1.81502e+06 839089.983863 
39
3.55647e+07 -5.45081e+06 -5.8972e+06 2392577.338865 
40
5.01378e+07 -1.36002e+07 -1.43412e+07 22581749.399955 
41
1.94198e+08 7.77461e+07 5.95917e+07 89473358.100023 
42
1.68852e+08 4.21451e+07 3.56177e+07 11980375.129679 
43
1.67205e+08 2.8264e+07 2.40347e+07 11227842.320111 
44
1.44194e+08 1.88246e+07 1.58938e+07 5393138.130034 
45
1.2699e+08 1.43617e+07 1.23467e+07 3056924.260158 
46
1.13531e+08 1.16242e+07 1.02541e+07 1918727.660341 
47
1.02537e+08 9.83296e+06 8.91434e+06 1349368.669209 
48
9.32402e+07 8.52562e+06 7.94002e+06 1037766.318281 
49
8.51843e+07 7.51373e+06 7.16844e+06 854053.251939 
50
7.80953e+07 6.68589e+06 6.51667e+06 737130.322333 
51
7.18008e+07 5.98104e+06 5.94289e+06 655708.572268 
52
6.61687e+07 5.37683e+06 5.42361e+06 595425.703953 
53
6.1116e+07 4.83605e+06 4.94699e+06 545972.787792 
54
5.65728e+07 4.35717e+06 4.50599e+06 503981.563065 
55
5.24822e+07 3.92663e+06 4.0964e+06 466379.402848 
56
4.87995e+07 3.53378e+06 3.71586e+06 431455.966360 
57
4.54838e+07 3.1799e+06 3.3625e+06 398956.192896 
58
4.25057e+07 2.85683e+06 3.03534e+06 368177.087030 
59
3.98256e+07 2.56601e+06 2.7325e+06 339517.544994 
60
3.74283e+07 2.29718e+06 2.45355e+06 312199.724189 
61
3.52774e+07 2.05374e+06 2.19645e+06 286730.323637 
62
3.33581e+07 1.83284e+06 1.96027e+06 263071.743157 
63
3.16493e+07 1.63025e+06 1.74342e+06 241257.328018 
64
3.01302e+07 1.44682e+06 1.54416e+06 221508.587165 
65
2.87873e+07 1.2754e+06 1.36084e+06 203769.188538 
66
2.76066e+07 1.12367e+06 1.19153e+06 188785.938180 
67
2.65734e+07 978502 1.03402e+06 176033.187461 
68
2.56808e+07 845596 885994 166530.819904 
69
2.49218e+07 720762 744655 160603.664576 
70
2.42904e+07 595112 606482 158840.190649 
71
2.37896e+07 470570 467163 163080.936356 
72
2.34253e+07 338081 320588 175463.907210 
73
2.32118e+07 193652 157953 200066.399981 
74
2.31733e+07 19031 -34511.8 244066.498832 
75
2.3359e+07 -203924 -279909 321261.422045 
76
2.38501e+07 -517991 -619373 459382.390564 
77
2.47843e+07 -1.00262e+06 -1.13824e+06 719389.525060 
78
2.63661e+07 -1.80798e+06 -1.99013e+06 1222833.069273 
79
2.87682e+07 -3.4311e+06 -3.68495e+06 2307754.200178 
80
2.81778e+07 -5.73251e+06 -6.00251e+06 2887650.755949 
81
3.12202e+07 -9.19898e+06 -9.50101e+06 14066174.604049 
82
1.35313e+08 6.10149e+07 4.70297e+07 64269084.150276 
83
1.28033e+08 5.098e+07 4.19768e+07 34901346.379629 
84
1.26842e+08 4.16426e+07 3.63307e+07 14250425.350010 
85
1.22255e+08 3.26822e+07 2.8995e+07 8887997.299614 
86
1.12319e+08 2.61012e+07 2.35024e+07 5535961.880004 
87
1.02666e+08 2.16876e+07 1.98604e+07 3773547.369800 
88
9.39331e+07 1.85343e+07 1.72503e+07 2776436.600009 
89
8.62058e+07 1.61755e+07 1.5275e+07 2194571.890204 
90
7.93354e+07 1.42839e+07 1.36864e+07 1829875.679803 
91
7.32094e+07 1.2737e+07 1.23526e+07 1590263.969602 
92
6.77102e+07 1.14156e+07 1.11931e+07 1419479.700120 
93
6.27591e+07 1.02724e+07 1.01618e+07 1290026.339640 
94
5.82988e+07 9.24933e+06 9.23164e+06 1183100.677958 
95
5.42634e+07 8.34248e+06 8.38247e+06 1092189.693851 
96
5.06201e+07 7.52538e+06 7.6043e+06 1010878.109720 
97
4.73269e+07 6.78869e+06 6.88821e+06 936600.368580 
98
4.43509e+07 6.11459e+06 6.22828e+06 866632.143950 
99
4.16694e+07 5.50056e+06 5.62077e+06 800805.528892 
100
3.9252e+07 4.94124e+06 5.06113e+06 738878.987148 
101
3.70764e+07 4.43018e+06 4.54604e+06 680536.883308 
102
3.5126e+07 3.96539e+06 4.07276e+06 626179.987887 
103
3.33831e+07 3.53806e+06 3.63827e+06 575349.090061 
104
3.18262e+07 3.14977e+06 3.2388e+06 528945.507024 
105
3.04444e+07 2.79241e+06 2.87148e+06 486693.028987 
106
2.92245e+07 2.4661e+06 2.53287e+06 449602.470523 
107
2.81521e+07 2.16168e+06 2.21894e+06 417192.407702 
108
2.72209e+07 1.88223e+06 1.9259e+06 391070.892117 
109
2.64239e+07 1.61889e+06 1.64917e+06 371209.372895 
110
2.57536e+07 1.365e+06 1.38322e+06 359353.908486 
111
2.5211e+07 1.11723e+06 1.12165e+06 357300.815200 
112
2.47978e+07 863881 856052 367548.031430 
113
2.45204e+07 595554 575173 395511.614940 
114
2.43883e+07 300196 262981 448800.337635 
115
2.44256e+07 -48487.7 -104351 540596.519571 
116
2.4653e+07 -487473 -563798 694183.379994 
117
2.51008e+07 -1.07734e+06 -1.17595e+06 952020.599922 
118
2.5768e+07 -1.9089e+06 -2.0347e+06 1391057.394021 
119
2.65339e+07 -3.13953e+06 -3.29816e+06 2168673.667749 
120
2.65973e+07 -4.78944e+06 -4.97164e+06 3434611.878724 
121
2.63804e+07 -6.44427e+06 -6.6359e+06 7090467.317691 
122
2.75794e+07 -7.21394e+06 -7.42535e+06 12413892.400006 
123
9.77637e+07 5.05686e+07 4.01961e+07 47947048.620282 
124
9.71003e+07 4.65567e+07 3.85562e+07 36102133.119915 
125
9.87433e+07 4.46967e+07 3.91728e+07 22190809.300010 
126
9.79212e+07 3.92392e+07 3.53536e+07 13368291.449630 
127
9.43776e+07 3.36753e+07 3.08591e+07 9053087.050155 
128
8.89115e+07 2.90363e+07 2.69728e+07 6498670.810197 
129
8.30612e+07 2.53445e+07 2.38415e+07 4975178.649903 
130
7.73581e+07 2.23831e+07 2.12852e+07 4021767.150128 
131
7.2015e+07 1.99279e+07 1.91485e+07 3396107.829919 
132
6.70846e+07 1.78627e+07 1.7314e+07 2965325.199726 
133
6.25646e+07 1.60629e+07 1.57036e+07 2647789.200090 
134
5.843e+07 1.44919e+07 1.42643e+07 2402678.560127 
135
5.46553e+07 1.30902e+07 1.29624e+07 2201032.629844 
136
5.12179e+07 1.18409e+07 1.1776e+07 2029556.759979 
137
4.80871e+07 1.06938e+07 1.0688e+07 1873819.019774 
138
4.5239e+07 9.66245e+06 9.68703e+06 1733776.737134 
139
4.2661e+07 8.70972e+06 8.76678e+06 1601629.878145 
140
4.03192e+07 7.84865e+06 7.9176e+06 1479789.170176 
141
3.82027e+07 7.05927e+06 7.13551e+06 1365204.215699 
142
3.62961e+07 6.33498e+06 6.41578e+06 1257575.740130 
143
3.45779e+07 5.67161e+06 5.75265e+06 1157199.837211 
144
3.30392e+07 5.0664e+06 5.1426e+06 1064747.844939 
145
3.16656e+07 4.51391e+06 4.58074e+06 980723.429777 
146
3.04429e+07 3.99983e+06 4.06206e+06 903638.353160 
147
2.93644e+07 3.53179e+06 3.5822e+06 836631.280491 
148
2.84203e+07 3.09353e+06 3.13568e+06 778324.181754 
149
2.76045e+07 2.68547e+06 2.71692e+06 731310.812112 
150
2.69083e+07 2.29535e+06 2.31907e+06 695655.646596 
151
2.63311e+07 1.92392e+06 1.93498e+06 675381.418958 
152
2.58713e+07 1.55645e+06 1.55554e+06 672790.012855 
153
2.55298e+07 1.18421e+06 1.16949e+06 693134.030759 
154
2.53091e+07 787449 762203 744108.793087 
155
2.52136e+07 354192 314095 838587.046431 
156
2.52439e+07 -147369 -201711 995916.798524 
157
2.54016e+07 -749753 -821907 1252590.073913 
158
2.56587e+07 -1.50302e+06 -1.59438e+06 1662653.792124 
159
2.5931e+07 -2.462e+06 -2.57277e+06 2328604.147863 
160
2.60043e+07 -3.62553e+06 -3.75892e+06 3405653.487742 
161
2.57903e+07 -4.84889e+06 -4.99441e+06 5357359.224205 
162
2.53343e+07 -5.64048e+06 -5.79535e+06 8244400.735663 
163
2.58381e+07 -5.99517e+06 -6.16094e+06 11627746.727774 
164
7.16816e+07 4.316e+07 3.56092e+07 36287222.579721 
165
7.2992e+07 4.17834e+07 3.5357e+07 32093917.999755 
166
7.58658e+07 4.29371e+07 3.80448e+07 24250846.740318 
167
7.71723e+07 4.08661e+07 3.71811e+07 17252661.960072 
168
7.65545e+07 3.72774e+07 3.45005e+07 12465879.200324 
169
7.43177e+07 3.3493e+07 3.13835e+07 9476983.570172 
170
7.10862e+07 3.00093e+07 2.84157e+07 7533880.819980 
171
6.74367e+07 2.69363e+07 2.57468e+07 6242458.449674 
172
6.37091e+07 2.42489e+07 2.33769e+07 5349698.719955 
173
6.00727e+07 2.19159e+07 2.12638e+07 4712806.759668 
174
5.66146e+07 1.98275e+07 1.93639e+07 4227428.880353 
175
5.33701e+07 1.7961e+07 1.76409e+07 3842451.740207 
176
5.03534e+07 1.6287e+07 1.60677e+07 3523390.170359 
177
4.75677e+07 1.47515e+07 1.46246e+07 3243690.929759 
178
4.50042e+07 1.33666e+07 1.3296e+07 2997290.820134 
179
4.26504e+07 1.21e+07 1.20692e+07 2772527.028322 
180
4.04955e+07 1.09357e+07 1.09354e+07 2563346.999739 
181
3.85368e+07 9.86471e+06 9.88975e+06 2367581.501786 
182
3.67554e+07 8.8835e+06 8.92367e+06 2185001.735247 
183
3.51383e+07 7.98142e+06 8.03104e+06 2014166.921096 
184
3.36834e+07 7.16201e+06 7.20836e+06 1857550.239817 
185
3.23726e+07 6.39706e+06 6.44835e+06 1710155.147938 
186
3.12008e+07 5.69671e+06 5.74639e+06 1576080.779028 
187
3.01593e+07 5.05239e+06 5.09674e+06 1456175.868148 
188
2.92375e+07 4.45304e+06 4.49287e+06 1349473.199595 
189
2.84322e+07 3.89779e+06 3.92892e+06 1259258.559015 
190
2.77403e+07 3.37498e+06 3.39815e+06 1185987.032655 
191
2.71524e+07 2.87632e+06 2.89209e+06 1131126.622772 
192
2.66678e+07 2.39696e+06 2.40204e+06 1100259.274973 
193
2.62816e+07 1.92265e+06 1.91742e+06 1097076.166784 
194
2.59973e+07 1.44344e+06 1.42599e+06 1129092.960004 
195
2.58101e+07 938684 912240 1207085.289256 
196
2.57157e+07 397273 357485 1348218.907384 
197
2.57033e+07 -208822 -261226 1578221.304270 
198
2.57514e+07 -902413 -968899 1937435.585240 
199
2.58087e+07 -1.70404e+06 -1.78738e+06 2487005.394210 
200
2.57937e+07 -2.61686e+06 -2.71491e+06 3325692.434640 
201
2.56153e+07 -3.57545e+06 -3.68769e+06 4608656.784048 
202
2.52349e+07 -4.40641e+06 -4.52906e+06 6434446.960845 
203
2.46967e+07 -4.90086e+06 -5.02917e+06 8672254.873722 
204
2.50338e+07 -5.08789e+06 -5.22341e+06 11269289.425238 
205
5.17751e+07 3.74852e+07 3.21603e+07 27167061.899736 
206
5.39718e+07 3.73362e+07 3.24252e+07 27177338.190238 
207
5.71702e+07 3.99347e+07 3.59006e+07 23454112.999554 
208
5.94591e+07 3.98584e+07 3.66626e+07 18892051.440071 
209
6.04891e+07 3.80847e+07 3.55601e+07 14995094.100219 
210
6.02526e+07 3.54772e+07 3.34949e+07 12093803.300105 
211
5.90135e+07 3.26367e+07 3.10853e+07 10033554.120163 
212
5.71322e+07 2.98412e+07 2.86514e+07 8553869.499998 
213
5.49081e+07 2.7234e+07 2.63252e+07 7475790.720307 
214
5.25338e+07 2.48353e+07 2.41456e+07 6662358.879921 
215
5.01492e+07 2.26365e+07 2.2124e+07 6023616.530126 
216
4.78115e+07 2.06281e+07 2.0246e+07 5504148.540193 
217
4.55788e+07 1.87785e+07 1.85062e+07 5060335.899994 
218
4.34691e+07 1.70804e+07 1.68916e+07 4671950.535145 
219
4.149e+07 1.55168e+07 1.5391e+07 4321772.300300 
220
3.96517e+07 1.40749e+07 1.39983e+07 4000406.148977 
221
3.79588e+07 1.27431e+07 1.27076e+07 3701194.160315 
222
3.63988e+07 1.15289e+07 1.15093e+07 3426000.820306 
223
3.4972e+07 1.03934e+07 1.03991e+07 3163725.173749 
224
3.36695e+07 9.34949e+06 9.36994e+06 2919658.343305 
225
3.24927e+07 8.39599e+06 8.41842e+06 2695504.036107 
226
3.1428e+07 7.50552e+06 7.53651e+06 2485270.908100 
227
3.0473e+07 6.68957e+06 6.71912e+06 2295612.013997 
228
2.96227e+07 5.92997e+06 5.96014e+06 2123402.996094 
229
2.88725e+07 5.22826e+06 5.25305e+06 1973337.009764 
230
2.82167e+07 4.57113e+06 4.59025e+06 1845211.520346 
231
2.76521e+07 3.95074e+06 3.96432e+06 1741456.964323 
232
2.71722e+07 3.35748e+06 3.36614e+06 1663890.904745 
233
2.67789e+07 2.78701e+06 2.78689e+06 1620307.848733 
234
2.64664e+07 2.22414e+06 2.21555e+06 1615259.447243 
235
2.62277e+07 1.65921e+06 1.63972e+06 1658122.332953 
236
2.60616e+07 1.07308e+06 1.04584e+06 1761826.270006 
237
2.59552e+07 458543 419031 1946014.746835 
238
2.58924e+07 -207216 -255721 2238422.618800 
239
2.58409e+07 -926555 -989466 2676895.027885 
240
2.57596e+07 -1.70678e+06 -1.78062e+06 3321437.091959 
241
2.55919e+07 -2.51586e+06 -2.60013e+06 4243670.489922 
242
2.52954e+07 -3.27717e+06 -3.37387e+06 5503482.402088 
243
2.4863e+07 -3.88489e+06 -3.98816e+06 7113079.979912 
244
2.43254e+07 -4.22718e+06 -4.33376e+06 8922447.176847 
245
2.45824e+07 -4.34983e+06 -4.46253e+06 11068410.808242 
246
3.59067e+07 3.28979e+07 2.93143e+07 19741527.880269 
247
3.85181e+07 3.33453e+07 2.97988e+07 22259724.270314 
248
4.16924e+07 3.65429e+07 3.34313e+07 21334942.909965 
249
4.44269e+07 3.77093e+07 3.50701e+07 18996817.000026 
250
4.63436e+07 3.71876e+07 3.50451e+07 16355874.550120 
251
4.73483e+07 3.569e+07 3.39236e+07 14048992.930253 
252
4.75092e+07 3.3594e+07 3.21871e+07 12175535.439886 
253
4.702e+07 3.1285e+07 3.01754e+07 10713004.730012 
254
4.60651e+07 2.89572e+07 2.80744e+07 9573686.202092 
255
4.48317e+07 2.66962e+07 2.59969e+07 8666065.066059 
256
4.34372e+07 2.45175e+07 2.39876e+07 7912790.400153 
257
4.19753e+07 2.24905e+07 2.20733e+07 7284063.279739 
258
4.0508e+07 2.05701e+07 2.02642e+07 6729162.716732 
259
3.90657e+07 1.87776e+07 1.85584e+07 6231772.880296 
260
3.76834e+07 1.71245e+07 1.69598e+07 5783422.050034 
261
3.63704e+07 1.55703e+07 1.54627e+07 5362863.813940 
262
3.51352e+07 1.41423e+07 1.40632e+07 4975323.785847 
263
3.39889e+07 1.28047e+07 1.276e+07 4607308.909644 
264
3.29282e+07 1.15729e+07 1.15465e+07 4264918.880054 
265
3.19519e+07 1.04207e+07 1.04174e+07 3940301.047095 
266
3.10635e+07 9.36632e+06 9.36925e+06 3642739.985924 
267
3.02548e+07 8.38778e+06 8.39436e+06 3367348.531901 
268
2.95259e+07 7.47208e+06 7.48778e+06 3112643.020842 
269
2.88788e+07 6.62981e+06 6.64429e+06 2886707.791330 
270
2.83035e+07 5.84329e+06 5.85518e+06 2687605.048322 
271
2.77995e+07 5.10209e+06 5.11351e+06 2515508.979599 
272
2.73653e+07 4.40456e+06 4.41177e+06 2378069.879071 
273
2.7e+07 3.74101e+06 3.7414e+06 2277365.915933 
274
2.66946e+07 3.09919e+06 3.09218e+06 2218335.966765 
275
2.64507e+07 2.46888e+06 2.45489e+06 2208443.992735 
276
2.62569e+07 1.83931e+06 1.81827e+06 2257931.441634 
277
2.61095e+07 1.1995e+06 1.17185e+06 2381010.515923 
278
2.59952e+07 541939 505173 2597191.864838 
279
2.58895e+07 -142818 -188336 2929982.430027 
280
2.57727e+07 -851558 -908616 3418290.425514 
281
2.56088e+07 -1.57574e+06 -1.64139e+06 4101331.046166 
282
2.53658e+07 -2.27938e+06 -2.35188e+06 5019790.415835 
283
2.50263e+07 -2.89652e+06 -2.98002e+06 6186869.028536 
284
2.45911e+07 -3.36752e+06 -3.45355e+06 7584148.559870 
285
2.40842e+07 -3.6285e+06 -3.71811e+06 9098002.315737 
286
2.43006e+07 -3.72165e+06 -3.81473e+06 10943152.457928 
287
2.28921e+07 2.9028e+07 2.68174e+07 13527182.339634 
288
2.57278e+07 2.98073e+07 2.73924e+07 17698587.509665 
289
2.87787e+07 3.31888e+07 3.09337e+07 18716370.719846 
290
3.16228e+07 3.49805e+07 3.29454e+07 18136395.320251 
291
3.40141e+07 3.5369e+07 3.36041e+07 16804950.090185 
292
3.57954e+07 3.46866e+07 3.32203e+07 15274821.720255 
293
3.69074e+07 3.33196e+07 3.21028e+07 13835315.279960 
294
3.74393e+07 3.1569e+07 3.05539e+07 12583603.199696 
295
3.75098e+07 2.95929e+07 2.87774e+07 11504607.960339 
296
3.72352e+07 2.75778e+07 2.6902e+07 10592300.959781 
297
3.67253e+07 2.55303e+07 2.50113e+07 9786495.539998 
298
3.60636e+07 2.35634e+07 2.31538e+07 9082175.699803 
299
3.5313e+07 2.16789e+07 2.13579e+07 8447795.390264 
300
3.45153e+07 1.98873e+07 1.96375e+07 7865173.279996 
301
3.37048e+07 1.81793e+07 1.80023e+07 7317309.908053 
302
3.29056e+07 1.65887e+07 1.6457e+07 6808542.471985 
303
3.21311e+07 1.51008e+07 1.5002e+07 6329887.197228 
304
3.13915e+07 1.37102e+07 1.36363e+07 5877667.449022 
305
3.06981e+07 1.23996e+07 1.23596e+07 5445133.199952 
306
3.00498e+07 1.11917e+07 1.11663e+07 5044264.979954 
307
2.94497e+07 1.00693e+07 1.00525e+07 4670568.930332 
308
2.89038e+07 9.02427e+06 9.01526e+06 4324375.008142 
309
2.84061e+07 8.04448e+06 8.04681e+06 4003918.599983 
310
2.79619e+07 7.13665e+06 7.14272e+06 3718723.676911 
311
2.7564e+07 6.28954e+06 6.29433e+06 3468028.348229 
312
2.72171e+07 5.49562e+06 5.49616e+06 3254525.877290 
313
2.69173e+07 4.74142e+06 4.73998e+06 3080687.073114 
314
2.66617e+07 4.02402e+06 4.01722e+06 2952147.443807 
315
2.64469e+07 3.32926e+06 3.31924e+06 2874044.257219 
316
2.62688e+07 2.65355e+06 2.63751e+06 2855009.191680 
317
2.61234e+07 1.98368e+06 1.96358e+06 2902478.342825 
318
2.59984e+07 1.31605e+06 1.28915e+06 3035180.280031 
319
2.58812e+07 642771 609412 3268200.259708 
320
2.57571e+07 -34495.2 -77140 3623488.934526 
321
2.56049e+07 -714137 -763615 4126606.578627 
322
2.54026e+07 -1.37518e+06 -1.43145e+06 4803535.649771 
323
2.51323e+07 -1.98297e+06 -2.04896e+06 5666584.587263 
324
2.47868e+07 -2.50225e+06 -2.57302e+06 6725732.212071 
325
2.43733e+07 -2.88285e+06 -2.95777e+06 7934541.983858 
326
2.39091e+07 -3.09644e+06 -3.17222e+06 9237884.903673 
327
2.40967e+07 -3.17211e+06 -3.25045e+06 10852243.930173 
328
1.20182e+07 2.56759e+07 2.45247e+07 8247463.616910 
329
1.49627e+07 2.65879e+07 2.51031e+07 13538679.929974 
330
1.78556e+07 2.99918e+07 2.84328e+07 15984066.830096 
331
2.07278e+07 3.20862e+07 3.06042e+07 16784138.640074 
332
2.33644e+07 3.30253e+07 3.1672e+07 16610283.229882 
333
2.5579e+07 3.29583e+07 3.17705e+07 15912430.529737 
334
2.7312e+07 3.21767e+07 3.1144e+07 15014617.300106 
335
2.86051e+07 3.09119e+07 3.00507e+07 14087256.369971 
336
2.94533e+07 2.93466e+07 2.86086e+07 13191906.679862 
337
2.99643e+07 2.75867e+07 2.69904e+07 12343097.800011 
338
3.02082e+07 2.57825e+07 2.52827e+07 11567492.400135 
339
3.02476e+07 2.39479e+07 2.35463e+07 10835538.469900 
340
3.01467e+07 2.21434e+07 2.18281e+07 10146333.800053 
341
2.99419e+07 2.0399e+07 2.01515e+07 9495939.578719 
342
2.96698e+07 1.87285e+07 1.85352e+07 8877469.401138 
343
2.93588e+07 1.71417e+07 1.69921e+07 8288206.695886 
344
2.90268e+07 1.56381e+07 1.55269e+07 7723726.346309 
345
2.86874e+07 1.42258e+07 1.41425e+07 7187526.088202 
346
2.83508e+07 1.28988e+07 1.28393e+07 6677605.297817 
347
2.80243e+07 1.1658e+07 1.1616e+07 6196987.092165 
348
2.77162e+07 1.05003e+07 1.04708e+07 5747475.656863 
349
2.74253e+07 9.41848e+06 9.39815e+06 5330191.726572 
350
2.71588e+07 8.40746e+06 8.39475e+06 4947667.466283 
351
2.69163e+07 7.46411e+06 7.45451e+06 4603403.435678 
352
2.66986e+07 6.57329e+06 6.57122e+06 4295627.613749 
353
2.65056e+07 5.74069e+06 5.73811e+06 4035747.199880 
354
2.6337e+07 4.9522e+06 4.94841e+06 3823690.987542 
355
2.61904e+07 4.20282e+06 4.19388e+06 3664869.574063 
356
2.60664e+07 3.47958e+06 3.46809e+06 3564509.314931 
357
2.59581e+07 2.78033e+06 2.76329e+06 3531191.238067 
358
2.58617e+07 2.09584e+06 2.07282e+06 3574257.575294 
359
2.57663e+07 1.42117e+06 1.39189e+06 3705852.919846 
360
2.5661e+07 751799 718618 3940527.007056 
361
2.55349e+07 93035 55380.4 4295153.652856 
362
2.53731e+07 -543086 -587716 4786803.243851 
363
2.51623e+07 -1.14245e+06 -1.19338e+06 5423752.248130 
364
2.48911e+07 -1.68066e+06 -1.73594e+06 6222540.769549 
365
2.4563e+07 -2.12298e+06 -2.18327e+06 7167800.556914 
366
2.41819e+07 -2.44224e+06 -2.50671e+06 8222742.892067 
367
2.37629e+07 -2.62351e+06 -2.68748e+06 9354706.195926 
368
2.39278e+07 -2.68817e+06 -2.75395e+06 10776968.594840 
369
2.83477e+06 2.2697e+07 2.23549e+07 3722091.495009 
370
5.8492e+06 2.36831e+07 2.29285e+07 9827348.270191 
371
8.58021e+06 2.69259e+07 2.59819e+07 13298799.060174 
372
1.14082e+07 2.91462e+07 2.81574e+07 15196353.920350 
373
1.41386e+07 3.03699e+07 2.94155e+07 15989229.150300 
374
1.66176e+07 3.07603e+07 2.9836e+07 16094651.290366 
375
1.87871e+07 3.04319e+07 2.96157e+07 15778869.200298 
376
2.05779e+07 2.95829e+07 2.88541e+07 15241567.820219 
377
2.20198e+07 2.83789e+07 2.77354e+07 14596839.040028 
378
2.31641e+07 2.69385e+07 2.63995e+07 13904310.159647 
379
2.40139e+07 2.53389e+07 2.48883e+07 13184328.869773 
380
2.46707e+07 2.37043e+07 2.33293e+07 12481545.460169 
381
2.51248e+07 2.20303e+07 2.17216e+07 11774193.939712 
382
2.54624e+07 2.03805e+07 2.01425e+07 11081763.799631 
383
2.56865e+07 1.87913e+07 1.8592e+07 10413283.150078 
384
2.58282e+07 1.7249e+07 1.70925e+07 9756045.574885 
385
2.59121e+07 1.57744e+07 1.56572e+07 9117854.902639 
386
2.59497e+07 1.43763e+07 1.429e+07 8503803.319645 
387
2.59564e+07 1.306e+07 1.29958e+07 7918488.531984 
388
2.59399e+07 1.18204e+07 1.17745e+07 7362374.188684 
389
2.59091e+07 1.06681e+07 1.06257e+07 6846556.200084 
390
2.58707e+07 9.57774e+06 9.54711e+06 6359881.663875 
391
2.58269e+07 8.55572e+06 8.53378e+06 5912723.984055 
392
2.57824e+07 7.59964e+06 7.58227e+06 5509333.279768 
393
2.57378e+07 6.69862e+06 6.68598e+06 5151682.759809 
394
2.56985e+07 5.8516e+06 5.84062e+06 4845135.647785 
395
2.56581e+07 5.04945e+06 5.03762e+06 4593332.039665 
396
2.56223e+07 4.28551e+06 4.27259e+06 4401348.662081 
397
2.5589e+07 3.5533e+06 3.53895e+06 4275227.752184 
398
2.55518e+07 2.84952e+06 2.8301e+06 4222474.492049 
399
2.55061e+07 2.16434e+06 2.14148e+06 4251051.063760 
400
2.54477e+07 1.50019e+06 1.47152e+06 4371509.347804 
401
2.53655e+07 849660 819440 4594609.409878 
402
2.52529e+07 224963 190295 4932361.421904 
403
2.50977e+07 -366184 -406203 5388959.915750 
404
2.48979e+07 -910935 -955226 5981667.502447 
405
2.46447e+07 -1.38644e+06 -1.43517e+06 6703489.383754 
406
2.43433e+07 -1.77488e+06 -1.82483e+06 7542105.117078 
407
2.39992e+07 -2.049e+06 -2.10315e+06 8465063.711663 
408
2.36273e+07 -2.20387e+06 -2.25793e+06 9453981.943170 
409
2.37723e+07 -2.2607e+06 -2.31599e+06 10707548.232825 
410
-4.96995e+06 2.00112e+07 2.02584e+07 -171862.338586 
411
-1.92039e+06 2.09945e+07 2.07904e+07 6525596.756143 
412
661660 2.40105e+07 2.35629e+07 10773065.489679 
413
3.41088e+06 2.62148e+07 2.56356e+07 13526943.080278 
414
6.16715e+06 2.76056e+07 2.69581e+07 15145781.260260 
415
8.80895e+06 2.82533e+07 2.75967e+07 15952913.789705 
416
1.12425e+07 2.82514e+07 2.76378e+07 16196397.850282 
417
1.34023e+07 2.77389e+07 2.71634e+07 16076111.009835 
418
1.52844e+07 2.68503e+07 2.63245e+07 15722274.480298 
419
1.69108e+07 2.56889e+07 2.5243e+07 15220605.899991 
420
1.82677e+07 2.43549e+07 2.39525e+07 14629702.800314 
421
1.9425e+07 2.29111e+07 2.25775e+07 13980786.129810 
422
2.03756e+07 2.13949e+07 2.11238e+07 13284832.359665 
423
2.11835e+07 1.98954e+07 1.96698e+07 12590172.149934 
424
2.18349e+07 1.83907e+07 1.82053e+07 11874479.399695 
425
2.24003e+07 1.69428e+07 1.67933e+07 11174285.770133 
426
2.28539e+07 1.5532e+07 1.54125e+07 10475025.469580 
427
2.32472e+07 1.41998e+07 1.40982e+07 9805194.400012 
428
2.35741e+07 1.29192e+07 1.2843e+07 9148729.180158 
429
2.38502e+07 1.17096e+07 1.1653e+07 8522598.039845 
430
2.40855e+07 1.05688e+07 1.05291e+07 7930677.940270 
431
2.42853e+07 9.50627e+06 9.46941e+06 7385385.635273 
432
2.44556e+07 8.49854e+06 8.47137e+06 6876342.598304 
433
2.45997e+07 7.55113e+06 7.53063e+06 6414994.517118 
434
2.47251e+07 6.65927e+06 6.64468e+06 6005575.145691 
435
2.48309e+07 5.82011e+06 5.80697e+06 5653006.968196 
436
2.49179e+07 5.02307e+06 5.01163e+06 5360610.954894 
437
2.49905e+07 4.26758e+06 4.2554e+06 5134549.507084 
438
2.50436e+07 3.54587e+06 3.53104e+06 4979867.268891 
439
2.50764e+07 2.85662e+06 2.8358e+06 4908298.016247 
440
2.50871e+07 2.18963e+06 2.16541e+06 4916320.144311 
441
2.50716e+07 1.54594e+06 1.52007e+06 5011674.696225 
442
2.50214e+07 926163 900227 5212817.329199 
443
2.49336e+07 343003 311521 5522094.683807 
444
2.48002e+07 -202029 -237104 5944255.639810 
445
2.46207e+07 -693490 -732761 6480293.834534 
446
2.43953e+07 -1.12046e+06 -1.16047e+06 7125067.869651 
447
2.41258e+07 -1.45994e+06 -1.50298e+06 7858435.039992 
448
2.38224e+07 -1.70208e+06 -1.74572e+06 8673378.814356 
449
2.34937e+07 -1.83533e+06 -1.87905e+06 9538656.427067 
450
2.36207e+07 -1.88381e+06 -1.93041e+06 10628392.112814 
451
-1.16188e+07 1.75453e+07 1.82042e+07 -3527395.357650 
452
-8.54976e+06 1.84888e+07 1.86872e+07 3616760.793766 
453
-6.09625e+06 2.12436e+07 2.11548e+07 8461939.895009 
454
-3.43387e+06 2.3349e+07 2.30672e+07 11894389.550079 
455
-685624 2.47775e+07 2.43943e+07 14185992.979748 
456
2.03297e+06 2.557e+07 2.51268e+07 15600574.060086 
457
4.63535e+06 2.5794e+07 2.534e+07 16363640.439759 
458
7.06127e+06 2.55445e+07 2.51105e+07 16655023.719851 
459
9.26716e+06 2.49182e+07 2.45011e+07 16609648.249867 
460
1.12609e+07 2.401e+07 2.36439e+07 16325941.429730 
461
1.3022e+07 2.2897e+07 2.25644e+07 15874340.540362 
462
1.45761e+07 2.16574e+07 2.13571e+07 15313427.159877 
463
1.59546e+07 2.03342e+07 2.0088e+07 14670227.769960 
464
1.71479e+07 1.89799e+07 1.87573e+07 13980959.399721 
465
1.82093e+07 1.76018e+07 1.74369e+07 13246834.480159 
466
1.9125e+07 1.62609e+07 1.61159e+07 12511871.780366 
467
1.99217e+07 1.49418e+07 1.48238e+07 11764782.389876 
468
2.06404e+07 1.36875e+07 1.3591e+07 11040699.719641 
469
2.12543e+07 1.24739e+07 1.23973e+07 10323993.000153 
470
2.18087e+07 1.13299e+07 1.12685e+07 9643318.677219 
471
2.22903e+07 1.02382e+07 1.01938e+07 8988915.676816 
472
2.27131e+07 9.21752e+06 9.17698e+06 8384440.525056 
473
2.30826e+07 8.24699e+06 8.21559e+06 7817409.799794 
474
2.34084e+07 7.33267e+06 7.30937e+06 7301892.815285 
475
2.36909e+07 6.47074e+06 6.45241e+06 6842774.459930 
476
2.39347e+07 5.66194e+06 5.64208e+06 6450543.197678 
477
2.41438e+07 4.89072e+06 4.87382e+06 6118107.528912 
478
2.43197e+07 4.1584e+06 4.14314e+06 5856485.168886 
479
2.4458e+07 3.4633e+06 3.44585e+06 5671122.917073 
480
2.45651e+07 2.7972e+06 2.77927e+06 5566703.480254 
481
2.46319e+07 2.16299e+06 2.14109e+06 5549488.447734 
482
2.46631e+07 1.55554e+06 1.53192e+06 5624578.017643 
483
2.4651e+07 976987 952900 5797264.194793 
484
2.45926e+07 437162 409563 6071534.126560 
485
2.44886e+07 -61046.8 -90215.4 6448577.847647 
486
2.43389e+07 -504718 -536780 6926051.728733 
487
2.41435e+07 -880830 -917362 7489967.023696 
488
2.39103e+07 -1.183e+06 -1.21953e+06 8140576.500056 
489
2.36449e+07 -1.39464e+06 -1.43197e+06 8854003.364188 
490
2.33571e+07 -1.51165e+06 -1.54682e+06 9610270.202182 
491
2.34697e+07 -1.55511e+06 -1.59257e+06 10561091.805932 
492
-1.72708e+07 1.5255e+07 1.6173e+07 -6408719.452120 
493
-1.4189e+07 1.6131e+07 1.66034e+07 1075341.402202 
494
-1.18457e+07 1.86023e+07 1.87706e+07 6383493.330120 
495
-9.26918e+06 2.05493e+07 2.0515e+07 10353451.540158 
496
-6.55196e+06 2.1941e+07 2.17722e+07 13200118.999772 
497
-3.79525e+06 2.27938e+07 2.25306e+07 15136980.820002 
498
-1.08666e+06 2.31534e+07 2.28447e+07 16357721.609945 
499
1.51161e+06 2.30874e+07 2.27666e+07 17026944.460123 
500
3.96122e+06 2.26702e+07 2.23625e+07 17283753.029535 
501
6.22676e+06 2.1976e+07 2.16719e+07 17223643.419994 
502
8.3116e+06 2.10657e+07 2.08075e+07 16927440.639678 
503
1.02017e+07 2.00148e+07 1.97826e+07 16466220.939701 
504
1.19066e+07 1.8874e+07 1.86594e+07 15887774.650289 
505
1.34581e+07 1.76761e+07 1.75044e+07 15221055.509598 
506
1.48385e+07 1.64606e+07 1.63067e+07 14501400.350155 
507
1.60741e+07 1.52444e+07 1.5109e+07 13744584.170212 
508
1.71952e+07 1.40543e+07 1.39441e+07 12976403.750030 
509
1.81839e+07 1.28845e+07 1.2798e+07 12194706.909646 
510
1.90621e+07 1.17697e+07 1.16912e+07 11436452.519815 
511
1.98652e+07 1.0707e+07 1.06439e+07 10704275.360211 
512
2.05624e+07 9.68434e+06 9.63541e+06 9993184.565128 
513
2.1197e+07 8.72548e+06 8.68541e+06 9332888.297903 
514
2.17533e+07 7.81322e+06 7.7826e+06 8712837.190302 
515
2.22435e+07 6.94996e+06 6.92822e+06 8146510.718619 
516
2.26725e+07 6.14401e+06 6.1197e+06 7649295.598143 
517
2.30467e+07 5.37303e+06 5.3545e+06 7207765.710791 
518
2.337e+07 4.6456e+06 4.62971e+06 6836829.932310 
519
2.36418e+07 3.95586e+06 3.94068e+06 6540535.658710 
520
2.38638e+07 3.30362e+06 3.28514e+06 6329088.385755 
521
2.40385e+07 2.67997e+06 2.66057e+06 6195534.070550 
522
2.41638e+07 2.08726e+06 2.06615e+06 6149932.298619 
523
2.4241e+07 1.52342e+06 1.50194e+06 6195846.431872 
524
2.42701e+07 993129 971386 6336260.545622 
525
2.42477e+07 500785 477549 6572318.041596 
526
2.4177e+07 52914.8 26961 6902694.354247 
527
2.40577e+07 -341820 -370756 7316332.815662 
528
2.38966e+07 -679097 -707585 7817543.434072 
529
2.36996e+07 -944407 -973232 8387746.174179 
530
2.34704e+07 -1.12878e+06 -1.15943e+06 9011142.853777 
531
2.3223e+07 -1.22784e+06 -1.25796e+06 9659727.935869 
532
2.33199e+07 -1.26796e+06 -1.29838e+06 10494359.405826 
533
-2.20465e+07 1.31018e+07 1.41528e+07 -8865376.349661 
534
-1.8959e+07 1.38931e+07 1.45296e+07 -1118409.775949 
535
-1.67238e+07 1.60663e+07 1.64219e+07 4552940.199069 
536
-1.42052e+07 1.78169e+07 1.79421e+07 8950604.440690 
537
-1.1536e+07 1.91163e+07 1.91051e+07 12247089.860269 
538
-8.76441e+06 1.99661e+07 1.98407e+07 14620095.610223 
539
-5.99115e+06 2.0394e+07 2.02011e+07 16238426.970184 
540
-3.27145e+06 2.04512e+07 2.02258e+07 17250473.639783 
541
-656359 2.01904e+07 1.99572e+07 17784494.839768 
542
1.82711e+06 1.96719e+07 1.94509e+07 17943520.860053 
543
4.14996e+06 1.89533e+07 1.87358e+07 17815223.689973 
544
6.30593e+06 1.80879e+07 1.78786e+07 17471599.370125 
545
8.30153e+06 1.7112e+07 1.69426e+07 16956285.679738 
546
1.01255e+07 1.60766e+07 1.5928e+07 16326790.069804 
547
1.17863e+07 1.50123e+07 1.48761e+07 15618850.320127 
548
1.33002e+07 1.39362e+07 1.38194e+07 14853737.199896 
549
1.46835e+07 1.28744e+07 1.27799e+07 14062755.900038 
550
1.59212e+07 1.18325e+07 1.17488e+07 13257340.080225 
551
1.70396e+07 1.0827e+07 1.0752e+07 12460565.599790 
552
1.80601e+07 9.85111e+06 9.80089e+06 11670303.704365 
553
1.89565e+07 8.92809e+06 8.88036e+06 10921441.221845 
554
1.97785e+07 8.05153e+06 8.01414e+06 10214604.123713 
555
2.04925e+07 7.21373e+06 7.18315e+06 9546208.350051 
556
2.11359e+07 6.42725e+06 6.3995e+06 8942491.093707 
557
2.17004e+07 5.67779e+06 5.65697e+06 8393147.715978 
558
2.21945e+07 4.96926e+06 4.95356e+06 7912174.608074 
559
2.26204e+07 4.30588e+06 4.28692e+06 7513115.825340 
560
2.29805e+07 3.67021e+06 3.65308e+06 7182710.825171 
561
2.32806e+07 3.06993e+06 3.0524e+06 6934434.115921 
562
2.3522e+07 2.49872e+06 2.48181e+06 6771148.411645 
563
2.37036e+07 1.95824e+06 1.94049e+06 6696188.264214 
564
2.38292e+07 1.44912e+06 1.43071e+06 6711670.207630 
565
2.38974e+07 973494 953151 6818469.599754 
566
2.3912e+07 532721 512395 7015666.599186 
567
2.38757e+07 134518 112993 7300260.486952 
568
2.379e+07 -214513 -237824 7666275.541878 
569
2.366e+07 -509343 -532623 8104646.687438 
570
2.34953e+07 -739947 -763833 8603167.940672 
571
2.33019e+07 -901331 -924987 9147103.579212 
572
2.30916e+07 -983231 -1.0086e+06 9709290.396120 
573
2.31742e+07 -1.01846e+06 -1.04393e+06 10429249.424775 
574
-2.604e+07 1.10561e+07 1.21374e+07 -10932674.940351 
575
-2.29475e+07 1.17496e+07 1.24591e+07 -2983470.314275 
576
-2.07918e+07 1.36189e+07 1.40638e+07 2970791.140661 
577
-1.8352e+07 1.51505e+07 1.53899e+07 7706535.780005 
578
-1.57063e+07 1.63145e+07 1.63972e+07 11366469.999799 
579
-1.29498e+07 1.71115e+07 1.70927e+07 14100555.519916 
580
-1.01341e+07 1.75584e+07 1.74615e+07 16054307.949804 
581
-7.33468e+06 1.76866e+07 1.75443e+07 17362307.159988 
582
-4.59654e+06 1.75407e+07 1.73773e+07 18147736.019992 
583
-1.95717e+06 1.71625e+07 1.69984e+07 18508816.369567 
584
555363 1.66021e+07 1.64284e+07 18538117.920168 
585
2.92569e+06 1.59e+07 1.57461e+07 18304900.399939 
586
5.13984e+06 1.50971e+07 1.49527e+07 17872806.659946 
587
7.19401e+06 1.42264e+07 1.40918e+07 17292113.460137 
588
9.09172e+06 1.33182e+07 1.31959e+07 16605229.799782 
589
1.08468e+07 1.23922e+07 1.2296e+07 15843392.189745 
590
1.24416e+07 1.14653e+07 1.13806e+07 15033812.940185 
591
1.3897e+07 1.05562e+07 1.04811e+07 14206191.200057 
592
1.52157e+07 9.6703e+06 9.60263e+06 13374099.487983 
593
1.64259e+07 8.80745e+06 8.76399e+06 12544805.010029 
594
1.75036e+07 7.99187e+06 7.95076e+06 11758352.783965 
595
1.84664e+07 7.21224e+06 7.17265e+06 11008390.569989 
596
1.93467e+07 6.46521e+06 6.44051e+06 10298013.311229 
597
2.01123e+07 5.76589e+06 5.73903e+06 9656859.249139 
598
2.08028e+07 5.09554e+06 5.07782e+06 9068825.400166 
599
2.14013e+07 4.46757e+06 4.44885e+06 8559735.653614 
600
2.19189e+07 3.86926e+06 3.85291e+06 8118288.168267 
601
2.23636e+07 3.30319e+06 3.28805e+06 7756803.963339 
602
2.27324e+07 2.76839e+06 2.75237e+06 7486714.900084 
603
2.30351e+07 2.26159e+06 2.24576e+06 7294870.336896 
604
2.32696e+07 1.78387e+06 1.76669e+06 7191315.847721 
605
2.34384e+07 1.33356e+06 1.31674e+06 7176750.336302 
606
2.35466e+07 917275 898034 7250931.399852 
607
2.35973e+07 531021 513645 7411251.916465 
608
2.3592e+07 186141 167038 7653492.600853 
609
2.35382e+07 -116898 -135849 7970625.547169 
610
2.344e+07 -369923 -389225 8353088.846671 
611
2.33047e+07 -569207 -587878 8788766.633785 
612
2.31438e+07 -706343 -725053 9263205.771914 
613
2.29644e+07 -776787 -794742 9749790.906873 
614
2.30362e+07 -807157 -825153 10367759.411730 
615
-2.93188e+07 9.09454e+06 1.01205e+07 -12640855.426260 
616
-2.62248e+07 9.68394e+06 1.03885e+07 -4536390.092288 
617
-2.41337e+07 1.12453e+07 1.17131e+07 1638269.124963 
618
-2.1748e+07 1.25373e+07 1.28201e+07 6640636.836200 
619
-1.91569e+07 1.35412e+07 1.36914e+07 10589211.240193 
620
-1.64052e+07 1.42504e+07 1.42982e+07 13616654.559564 
621
-1.35664e+07 1.46752e+07 1.46427e+07 15845927.259730 
622
-1.07106e+07 1.48366e+07 1.47546e+07 17404588.440059 
623
-7.88636e+06 1.47653e+07 1.46567e+07 18404873.300245 
624
-5.1305e+06 1.44974e+07 1.43807e+07 18942439.439657 
625
-2.47371e+06 1.40691e+07 1.39418e+07 19111236.429700 
626
57549 1.35153e+07 1.33993e+07 18986303.759984 
627
2.44863e+06 1.28686e+07 1.27534e+07 18629988.820294 
628
4.68973e+06 1.21562e+07 1.20484e+07 18097014.810004 
629
6.77671e+06 1.14037e+07 1.13038e+07 17434513.490258 
630
8.71036e+06 1.06333e+07 1.05415e+07 16684399.659573 
631
1.05016e+07 9.85559e+06 9.78319e+06 15870573.741290 
632
1.21346e+07 9.08477e+06 9.02039e+06 15022390.068272 
633
1.36282e+07 8.33277e+06 8.27695e+06 14167323.392769 
634
1.49825e+07 7.60399e+06 7.55422e+06 13319353.710075 
635
1.6224e+07 6.89707e+06 6.86481e+06 12484886.858200 
636
1.73307e+07 6.23053e+06 6.20034e+06 11703170.403904 
637
1.83169e+07 5.59449e+06 5.56417e+06 10967577.931913 
638
1.92151e+07 4.98588e+06 4.9657e+06 10280329.771711 
639
1.99932e+07 4.41441e+06 4.3925e+06 9670031.659726 
640
2.06905e+07 3.86847e+06 3.85268e+06 9121064.688048 
641
2.12899e+07 3.35513e+06 3.33908e+06 8657443.175797 
642
2.18043e+07 2.86644e+06 2.85297e+06 8267410.224234 
643
2.22384e+07 2.40466e+06 2.39315e+06 7962220.519234 
644
2.25932e+07 1.9735e+06 1.95793e+06 7752669.991942 
645
2.2875e+07 1.56353e+06 1.54831e+06 7622361.204326 
646
2.30852e+07 1.18036e+06 1.16414e+06 7580030.637685 
647
2.323e+07 823213 808673 7623943.663376 
648
2.33114e+07 496905 482849 7750829.367715 
649
2.33368e+07 204778 190830 7955253.043351 
650
2.33123e+07 -49135.3 -63395.2 8229530.699157 
651
2.324e+07 -260322 -276138 8563658.892587 
652
2.31354e+07 -426311 -441891 8945399.457535 
653
2.30005e+07 -539211 -555631 9350207.674166 
654
2.28478e+07 -597347 -612281 9781995.406714 
655
2.29103e+07 -622807 -637750 10311594.705137 
656
-3.19382e+07 7.20378e+06 8.10256e+06 -14012810.833924 
657
-2.88433e+07 7.68031e+06 8.31591e+06 -5790557.163998 
658
-2.68022e+07 8.92926e+06 9.36711e+06 552626.203218 
659
-2.44601e+07 9.97307e+06 1.0253e+07 5759281.970060 
660
-2.19017e+07 1.07978e+07 1.09594e+07 9933122.859939 
661
-1.91628e+07 1.13897e+07 1.14622e+07 13189109.920010 
662
-1.633e+07 1.17623e+07 1.1774e+07 15640793.209956 
663
-1.34359e+07 1.19248e+07 1.18901e+07 17401105.859544 
664
-1.05488e+07 1.19003e+07 1.18391e+07 18580052.970042 
665
-7.70046e+06 1.17179e+07 1.16292e+07 19269472.429730 
666
-4.94276e+06 1.14011e+07 1.13107e+07 19559289.960328 
667
-2.28783e+06 1.09785e+07 1.08845e+07 19525071.930058 
668
238357 1.04756e+07 1.0392e+07 19235673.599650 
669
2.62517e+06 9.916e+06 9.83493e+06 18749324.851673 
670
4.86257e+06 9.31903e+06 9.24377e+06 18113628.385741 
671
6.94627e+06 8.70069e+06 8.63216e+06 17369986.900007 
672
8.87714e+06 8.0765e+06 8.0147e+06 16557462.689829 
673
1.06539e+07 7.45489e+06 7.39823e+06 15700770.621988 
674
1.22962e+07 6.84337e+06 6.8014e+06 14824481.012702 
675
1.37851e+07 6.25049e+06 6.2138e+06 13955617.727859 
676
1.51333e+07 5.67903e+06 5.64508e+06 13106402.139738 
677
1.63532e+07 5.12689e+06 5.10144e+06 12282448.005811 
678
1.7464e+07 4.60596e+06 4.58697e+06 11520762.691908 
679
1.8437e+07 4.11135e+06 4.0903e+06 10814988.902806 
680
1.93191e+07 3.63688e+06 3.62421e+06 10165846.515924 
681
2.00776e+07 3.19321e+06 3.17801e+06 9601239.347967 
682
2.07516e+07 2.76995e+06 2.75689e+06 9104442.269900 
683
2.13244e+07 2.3701e+06 2.35739e+06 8698006.929083 
684
2.18113e+07 1.99243e+06 1.98016e+06 8369411.794010 
685
2.22127e+07 1.63463e+06 1.62428e+06 8128002.367718 
686
2.25329e+07 1.30256e+06 1.28912e+06 7983248.084798 
687
2.2779e+07 989114 977073 7916467.971197 
688
2.29556e+07 699599 687829 7934197.604923 
689
2.30658e+07 433630 423255 8032186.599798 
690
2.31178e+07 198357 187537 8204429.962251 
691
2.31162e+07 -5477.66 -17916.5 8442624.565087 
692
2.30706e+07 -176755 -188016 8736477.482682 
693
2.29875e+07 -309454 -320760 9073536.867762 
694
2.28766e+07 -401486 -412325 9429114.069064 
695
2.27483e+07 -447187 -456682 9807061.234042 
696
2.28007e+07 -467676 -477110 10262748.983727 
697
-3.3937e+07 5.35925e+06 6.07996e+06 -15063050.340182 
698
-3.08417e+07 5.72131e+06 6.2399e+06 -6755298.265676 
699
-2.88392e+07 6.65916e+06 7.02378e+06 -288576.813132 
700
-2.65299e+07 7.44751e+06 7.68839e+06 5069674.729842 
701
-2.39977e+07 8.07532e+06 8.22285e+06 9411898.806217 
702
-2.12708e+07 8.53546e+06 8.60908e+06 12841003.944725 
703
-1.84352e+07 8.8307e+06 8.85539e+06 15461747.340939 
704
-1.55185e+07 8.97284e+06 8.95737e+06 17379053.427845 
705
-1.2591e+07 8.97385e+06 8.93449e+06 18696480.945839 
706
-9.69285e+06 8.85325e+06 8.8016e+06 19503691.155161 
707
-6.85853e+06 8.63133e+06 8.57557e+06 19889780.790096 
708
-4.11224e+06 8.32732e+06 8.26265e+06 19933767.758283 
709
-1.48433e+06 7.95929e+06 7.89544e+06 19700136.657795 
710
1.00898e+06 7.54616e+06 7.48245e+06 19253103.735846 
711
3.36081e+06 7.10131e+06 7.04921e+06 18640303.381930 
712
5.56017e+06 6.63901e+06 6.59091e+06 17909542.123722 
713
7.60428e+06 6.1686e+06 6.12494e+06 17095810.341777 
714
9.49504e+06 5.69716e+06 5.66006e+06 16228042.205645 
715
1.12318e+07 5.23513e+06 5.20174e+06 15342117.624848 
716
1.28218e+07 4.78412e+06 4.7552e+06 14453705.700239 
717
1.42814e+07 4.34937e+06 4.32796e+06 13587434.458752 
718
1.55884e+07 3.93266e+06 3.91299e+06 12753440.970761 
719
1.6766e+07 3.53546e+06 3.51619e+06 11969491.400360 
720
1.78341e+07 3.15386e+06 3.14131e+06 11231035.662213 
721
1.87633e+07 2.79268e+06 2.78066e+06 10569575.696055 
722
1.96005e+07 2.45245e+06 2.4416e+06 9983809.653864 
723
2.0313e+07 2.12782e+06 2.11821e+06 9466378.176340 
724
2.0938e+07 1.82123e+06 1.81284e+06 9032644.610150 
725
2.14653e+07 1.5335e+06 1.52503e+06 8692905.615578 
726
2.19038e+07 1.26132e+06 1.25315e+06 8432707.784778 
727
2.22566e+07 1.00641e+06 997267 8260046.917582 
728
2.25316e+07 769211 759649 8173439.881809 
729
2.27342e+07 548996 540410 8178672.918234 
730
2.28678e+07 347975 340100 8253356.399946 
731
2.29392e+07 168829 161392 8399772.388161 
732
2.29579e+07 16054.2 6504.58 8609313.420594 
733
2.2932e+07 -114758 -122110 8871359.468708 
734
2.28658e+07 -213755 -221716 9163296.319179 
735
2.27739e+07 -282986 -289406 9490132.308323 
736
2.2665e+07 -316798 -322926 9825638.704545 
737
2.27111e+07 -332242 -338315 10222745.703684 
738
-3.53455e+07 3.55401e+06 4.05579e+06 -15806794.180276 
739
-3.22855e+07 3.79776e+06 4.16636e+06 -7439139.287826 
740
-3.02741e+07 4.42135e+06 4.68195e+06 -887172.189940 
741
-2.80131e+07 4.95104e+06 5.12955e+06 4574865.380311 
742
-2.54745e+07 5.37225e+06 5.4838e+06 9033206.596917 
743
-2.27572e+07 5.68743e+06 5.74532e+06 12582845.316112 
744
-1.99212e+07 5.8923e+06 5.91497e+06 15322643.721291 
745
-1.70061e+07 5.99528e+06 5.99526e+06 17351875.037681 
746
-1.40499e+07 6.00363e+06 5.9872e+06 18767212.496907 
747
-1.11013e+07 5.9325e+06 5.90011e+06 19662072.110180 
748
-8.21765e+06 5.79097e+06 5.75569e+06 20119872.097036 
749
-5.4108e+06 5.59459e+06 5.55156e+06 20219460.631766 
750
-2.71773e+06 5.35463e+06 5.31557e+06 20029034.010185 
751
-148600 5.08156e+06 5.04306e+06 19609355.155889 
752
2.27966e+06 4.78722e+06 4.75144e+06 19017068.159793 
753
4.55772e+06 4.47944e+06 4.44503e+06 18295153.634838 
754
6.68113e+06 4.16524e+06 4.13439e+06 17482995.237773 
755
8.64974e+06 3.85187e+06 3.82308e+06 16620984.189052 
756
1.04734e+07 3.54086e+06 3.51941e+06 15725763.283990 
757
1.2135e+07 3.23772e+06 3.21919e+06 14825187.526359 
758
1.36508e+07 2.94521e+06 2.9281e+06 13944743.700350 
759
1.50212e+07 2.66355e+06 2.6479e+06 13095131.484299 
760
1.62576e+07 2.3921e+06 2.38056e+06 12281579.661070 
761
1.7379e+07 2.13621e+06 2.1278e+06 11540069.808243 
762
1.83573e+07 1.89439e+06 1.88407e+06 10863155.509609 
763
1.9238e+07 1.66187e+06 1.65491e+06 10250956.286173 
764
1.99899e+07 1.4435e+06 1.43633e+06 9729630.152191 
765
2.06537e+07 1.23757e+06 1.22991e+06 9281504.615678 
766
2.12118e+07 1.04246e+06 1.0355e+06 8927829.461051 
767
2.16754e+07 857965 851619 8653607.130690 
768
2.20546e+07 685274 680277 8466715.109244 
769
2.23508e+07 526951 519955 8365362.965856 
770
2.25701e+07 379166 372174 8345973.914741 
771
2.27212e+07 243029 237908 8412613.200061 
772
2.28084e+07 123600 118317 8540198.311417 
773
2.28421e+07 18167.7 13983.3 8728926.572723 
774
2.28282e+07 -67003.1 -71778.9 8958240.959001 
775
2.27782e+07 -134774 -138034 9234555.146986 
776
2.27002e+07 -178641 -183762 9533545.404580 
777
2.26031e+07 -200968 -205877 9838408.176210 
778
2.26446e+07 -211301 -216170 10193053.628934 
779
-3.61826e+07 1.77133e+06 2.02771e+06 -16248833.869689 
780
-3.31237e+07 1.89205e+06 2.08332e+06 -7846905.119815 
781
-3.11269e+07 2.2069e+06 2.34077e+06 -1245576.811906 
782
-2.88811e+07 2.46955e+06 2.56457e+06 4277696.125118 
783
-2.63532e+07 2.68457e+06 2.7419e+06 8804822.827718 
784
-2.36674e+07 2.84143e+06 2.87755e+06 12425627.199782 
785
-2.08057e+07 2.94845e+06 2.96168e+06 15235692.450213 
786
-1.78843e+07 3.00121e+06 3.00397e+06 17330016.259760 
787
-1.49139e+07 3.00752e+06 3.00025e+06 18806879.839821 
788
-1.19535e+07 2.97367e+06 2.96143e+06 19751914.451851 
789
-9.03103e+06 2.90607e+06 2.88838e+06 20254372.956235 
790
-6.19543e+06 2.80982e+06 2.79201e+06 20386198.272093 
791
-3.45696e+06 2.69107e+06 2.67213e+06 20222186.499289 
792
-844483 2.55588e+06 2.5377e+06 19822427.469758 
793
1.62876e+06 2.40932e+06 2.3904e+06 19241974.485676 
794
3.95402e+06 2.25568e+06 2.2392e+06 18525938.040130 
795
6.13085e+06 2.09814e+06 2.08511e+06 17716843.811199 
796
8.14636e+06 1.94057e+06 1.92848e+06 16842942.360013 
797
1.00071e+07 1.78429e+06 1.77431e+06 15940302.148196 
798
1.17119e+07 1.63188e+06 1.62344e+06 15036405.056157 
799
1.32685e+07 1.48518e+06 1.47773e+06 14145663.743239 
800
1.4677e+07 1.34312e+06 1.33599e+06 13290309.620692 
801
1.59631e+07 1.20837e+06 1.20308e+06 12478924.931852 
802
1.71021e+07 1.07858e+06 1.074e+06 11727801.601994 
803
1.81099e+07 956649 951169 11041286.550121 
804
1.9017e+07 840345 835648 10419668.486137 
805
1.97927e+07 729285 725464 9889386.979763 
806
2.04776e+07 625440 621892 9432373.628882 
807
2.10565e+07 528155 523969 9070258.580884 
808
2.15366e+07 434158 430899 8787442.169139 
809
2.19304e+07 348309 344648 8591858.549098 
810
2.22375e+07 268654 264390 8481398.562243 
811
2.24707e+07 193244 189710 8452362.420207 
812
2.26323e+07 124733 122692 8499417.515901 
813
2.27294e+07 63713.6 62247.1 8615420.838333 
814
2.27721e+07 10891 9915.96 8791362.908876 
815
2.2767e+07 -30653.7 -32621.7 9016303.988612 
816
2.27232e+07 -64591.4 -66241.9 9277343.411194 
817
2.26536e+07 -87659.8 -89105.9 9559550.633546 
818
2.2565e+07 -98754.1 -100100 9845895.533041 
819
2.26038e+07 -103933 -105257 10174846.864214 
820
-3.64605e+07 0.123384 0.124716 -16395653.120116 
821
-3.34021e+07 3.17958e-05 -4.16515e-05 -7982582.999960 
822
-3.14101e+07 -0.0617922 -0.062632 -1364754.811743 
823
-2.91691e+07 -0.0922198 -0.0947987 4178543.940352 
824
-2.66446e+07 -1.75946e-05 0.000196475 8727691.519857 
825
-2.39614e+07 -0.061824 -0.0628435 12372978.020034 
826
-2.10997e+07 -0.0306271 -0.0313123 15205366.170156 
827
-1.81763e+07 0.031023 0.031277 17323111.450240 
828
-1.5201e+07 0.0307457 0.031513 18817897.319943 
829
-1.22335e+07 0.030975 0.0319446 19782182.949790 
830
-9.30163e+06 0.0311192 0.0316802 20297033.399979 
831
-6.4549e+06 -0.0308804 -0.0316768 20442693.479902 
832
-3.70344e+06 0.000171186 7.26745e-05 20287324.800172 
833
-1.07684e+06 0.0158147 0.015821 19893930.500305 
834
1.41159e+06 -0.0467253 -0.0470481 19317306.440265 
835
3.75214e+06 -0.0308495 -0.0313706 18603313.739854 
836
5.94442e+06 -0.0156429 -0.01582 17794987.199736 
837
7.97535e+06 0.0158069 0.0156312 16922000.000165 
838
9.85106e+06 0.0309494 0.0315715 16017702.969640 
839
1.15701e+07 0.000265263 9.46705e-05 15111562.799803 
840
1.31404e+07 -0.00746935 -0.00776825 14217912.719916 
841
1.45616e+07 -0.0156867 -0.0158069 13359625.600309 
842
1.58593e+07 0.023659 0.0232602 12544970.619582 
843
1.70091e+07 0.00747616 0.00798644 11790722.399834 
844
1.80268e+07 0.0157016 0.01584 11100971.810266 
845
1.89427e+07 -0.00362896 -0.0039451 10476089.669983 
846
1.97441e+07 -0.000351097 5.28511e-05 9942942.240075 
847
2.04184e+07 1.78186e-05 -0.000168588 9482931.360137 
848
2.10034e+07 -0.00357383 -0.00410957 9109810.079677 
849
2.14913e+07 4.87968e-05 -0.000113195 8832263.714902 
850
2.1888e+07 0.00212356 0.00165249 8633742.462064 
851
2.22015e+07 0.00160118 0.00164216 8520210.944996 
852
2.24364e+07 2.67111e-05 -0.000296376 8487936.234237 
853
2.26016e+07 -0.000291829 0.000207137 8531490.447139 
854
2.2702e+07 9.85456e-05 0.000259148 8643659.948790 
855
2.27479e+07 -2.29929e-05 -0.000160009 8815384.817719 
856
2.27456e+07 -7.8604e-05 -0.000510676 9035688.221782 
857
2.27047e+07 0.000427607 0.000505301 9291615.884881 
858
2.26379e+07 -0.000535799 0.000224622 9568195.730771 
859
2.25521e+07 -0.000310081 8.16021e-05 9848347.083262 
860
2.259e+07 -0.000121863 0.000307486 10168703.099696 
861
-3.61826e+07 -1.77133e+06 -2.02771e+06 -16248833.869938 
862
-3.31237e+07 -1.89205e+06 -2.08332e+06 -7846905.119766 
863
-3.11269e+07 -2.2069e+06 -2.34077e+06 -1245576.812222 
864
-2.88811e+07 -2.46955e+06 -2.56457e+06 4277696.125064 
865
-2.63532e+07 -2.68457e+06 -2.7419e+06 8804822.827780 
866
-2.36674e+07 -2.84143e+06 -2.87755e+06 12425627.200337 
867
-2.08057e+07 -2.94845e+06 -2.96168e+06 15235692.449692 
868
-1.78843e+07 -3.00121e+06 -3.00397e+06 17330016.259663 
869
-1.49139e+07 -3.00752e+06 -3.00025e+06 18806879.839827 
870
-1.19535e+07 -2.97367e+06 -2.96143e+06 19751914.452127 
871
-9.03104e+06 -2.90607e+06 -2.88838e+06 20254372.956179 
872
-6.19543e+06 -2.80982e+06 -2.79201e+06 20386198.272327 
873
-3.45696e+06 -2.69107e+06 -2.67213e+06 20222186.499076 
874
-844483 -2.55588e+06 -2.5377e+06 19822427.470335 
875
1.62876e+06 -2.40932e+06 -2.3904e+06 19241974.485791 
876
3.95402e+06 -2.25568e+06 -2.2392e+06 18525938.040162 
877
6.13085e+06 -2.09814e+06 -2.08511e+06 17716843.810677 
878
8.14636e+06 -1.94057e+06 -1.92848e+06 16842942.359763 
879
1.00071e+07 -1.78429e+06 -1.77431e+06 15940302.147824 
880
1.17119e+07 -1.63188e+06 -1.62344e+06 15036405.055882 
881
1.32685e+07 -1.48518e+06 -1.47773e+06 14145663.742981 
882
1.4677e+07 -1.34312e+06 -1.33599e+06 13290309.621046 
883
1.59631e+07 -1.20837e+06 -1.20308e+06 12478924.932032 
884
1.71021e+07 -1.07858e+06 -1.074e+06 11727801.602325 
885
1.81099e+07 -956649 -951169 11041286.550497 
886
1.9017e+07 -840345 -835648 10419668.486542 
887
1.97927e+07 -729285 -725464 9889386.979425 
888
2.04776e+07 -625440 -621892 9432373.628682 
889
2.10565e+07 -528155 -523969 9070258.580450 
890
2.15366e+07 -434158 -430899 8787442.169123 
891
2.19304e+07 -348309 -344648 8591858.548595 
892
2.22375e+07 -268654 -264390 8481398.561856 
893
2.24707e+07 -193244 -189710 8452362.419977 
894
2.26323e+07 -124733 -122692 8499417.515669 
895
2.27294e+07 -63713.6 -62247.1 8615420.837834 
896
2.27721e+07 -10891 -9915.96 8791362.909251 
897
2.2767e+07 30653.7 32621.7 9016303.988978 
898
2.27232e+07 64591.4 66241.9 9277343.411491 
899
2.26536e+07 87659.8 89105.9 9559550.633634 
900
2.2565e+07 98754.1 100100 9845895.532666 
901
2.26038e+07 103933 105257 10174846.864081 
902
-3.53455e+07 -3.55401e+06 -4.05579e+06 -15806794.180343 
903
-3.22855e+07 -3.79776e+06 -4.16636e+06 -7439139.287993 
904
-3.02741e+07 -4.42135e+06 -4.68195e+06 -887172.190047 
905
-2.80131e+07 -4.95104e+06 -5.12955e+06 4574865.379930 
906
-2.54745e+07 -5.37225e+06 -5.4838e+06 9033206.596682 
907
-2.27572e+07 -5.68743e+06 -5.74532e+06 12582845.316344 
908
-1.99212e+07 -5.8923e+06 -5.91497e+06 15322643.721172 
909
-1.70061e+07 -5.99528e+06 -5.99526e+06 17351875.038179 
910
-1.40499e+07 -6.00363e+06 -5.9872e+06 18767212.497091 
911
-1.11013e+07 -5.9325e+06 -5.90011e+06 19662072.109873 
912
-8.21765e+06 -5.79097e+06 -5.75569e+06 20119872.096723 
913
-5.4108e+06 -5.59459e+06 -5.55156e+06 20219460.631680 
914
-2.71773e+06 -5.35463e+06 -5.31557e+06 20029034.009769 
915
-148600 -5.08156e+06 -5.04306e+06 19609355.156288 
916
2.27966e+06 -4.78722e+06 -4.75144e+06 19017068.160298 
917
4.55772e+06 -4.47944e+06 -4.44503e+06 18295153.634747 
918
6.68113e+06 -4.16524e+06 -4.13439e+06 17482995.238262 
919
8.64974e+06 -3.85187e+06 -3.82308e+06 16620984.188901 
920
1.04734e+07 -3.54086e+06 -3.51941e+06 15725763.284306 
921
1.2135e+07 -3.23772e+06 -3.21919e+06 14825187.525674 
922
1.36508e+07 -2.94521e+06 -2.9281e+06 13944743.700362 
923
1.50212e+07 -2.66355e+06 -2.6479e+06 13095131.483974 
924
1.62576e+07 -2.3921e+06 -2.38056e+06 12281579.660837 
925
1.7379e+07 -2.13621e+06 -2.1278e+06 11540069.807866 
926
1.83573e+07 -1.89439e+06 -1.88407e+06 10863155.509734 
927
1.9238e+07 -1.66187e+06 -1.65491e+06 10250956.285935 
928
1.99899e+07 -1.4435e+06 -1.43633e+06 9729630.152150 
929
2.06537e+07 -1.23757e+06 -1.22991e+06 9281504.616263 
930
2.12118e+07 -1.04246e+06 -1.0355e+06 8927829.460644 
931
2.16754e+07 -857965 -851619 8653607.130413 
932
2.20546e+07 -685274 -680277 8466715.109495 
933
2.23508e+07 -526951 -519955 8365362.966060 
934
2.25701e+07 -379166 -372174 8345973.915312 
935
2.27212e+07 -243029 -237908 8412613.199688 
936
2.28084e+07 -123600 -118317 8540198.311878 
937
2.28421e+07 -18167.7 -13983.3 8728926.572606 
938
2.28282e+07 67003.1 71778.9 8958240.958807 
939
2.27782e+07 134774 138034 9234555.146990 
940
2.27002e+07 178641 183762 9533545.404712 
941
2.26031e+07 200968 205877 9838408.176222 
942
2.26446e+07 211301 216170 10193053.628572 
943
-3.3937e+07 -5.35925e+06 -6.07996e+06 -15063050.340050 
944
-3.08417e+07 -5.72131e+06 -6.2399e+06 -6755298.265917 
945
-2.88392e+07 -6.65916e+06 -7.02378e+06 -288576.813233 
946
-2.65299e+07 -7.44752e+06 -7.6884e+06 5069674.789048 
947
-2.39977e+07 -8.07532e+06 -8.22285e+06 9411898.805696 
948
-2.12708e+07 -8.53546e+06 -8.60908e+06 12841003.945303 
949
-1.84352e+07 -8.8307e+06 -8.85539e+06 15461747.340821 
950
-1.55185e+07 -8.97284e+06 -8.95737e+06 17379053.428031 
951
-1.2591e+07 -8.97385e+06 -8.93449e+06 18696480.945913 
952
-9.69285e+06 -8.85325e+06 -8.8016e+06 19503691.155269 
953
-6.85853e+06 -8.63133e+06 -8.57557e+06 19889780.790284 
954
-4.11224e+06 -8.32732e+06 -8.26265e+06 19933767.758068 
955
-1.48433e+06 -7.95929e+06 -7.89544e+06 19700136.658129 
956
1.00898e+06 -7.54616e+06 -7.48245e+06 19253103.736089 
957
3.36081e+06 -7.10131e+06 -7.04921e+06 18640303.382063 
958
5.56017e+06 -6.63901e+06 -6.59091e+06 17909542.123678 
959
7.60428e+06 -6.1686e+06 -6.12494e+06 17095810.342246 
960
9.49504e+06 -5.69716e+06 -5.66006e+06 16228042.205908 
961
1.12318e+07 -5.23513e+06 -5.20174e+06 15342117.624934 
962
1.28218e+07 -4.78412e+06 -4.7552e+06 14453705.700011 
963
1.42814e+07 -4.34937e+06 -4.32796e+06 13587434.459026 
964
1.55884e+07 -3.93266e+06 -3.91299e+06 12753440.971265 
965
1.6766e+07 -3.53546e+06 -3.51619e+06 11969491.400363 
966
1.78341e+07 -3.15386e+06 -3.14131e+06 11231035.661575 
967
1.87633e+07 -2.79268e+06 -2.78066e+06 10569575.695921 
968
1.96005e+07 -2.45245e+06 -2.4416e+06 9983809.654016 
969
2.0313e+07 -2.12782e+06 -2.11821e+06 9466378.175767 
970
2.0938e+07 -1.82123e+06 -1.81284e+06 9032644.610059 
971
2.14653e+07 -1.5335e+06 -1.52503e+06 8692915.704996 
972
2.19038e+07 -1.26132e+06 -1.25315e+06 8432707.784963 
973
2.22566e+07 -1.00641e+06 -997267 8260046.918006 
974
2.25316e+07 -769211 -759649 8173439.881791 
975
2.27342e+07 -548996 -540410 8178672.918720 
976
2.28678e+07 -347975 -340100 8253356.399644 
977
2.29392e+07 -168829 -161392 8399772.388406 
978
2.29579e+07 -16054.2 -6504.58 8609313.421266 
979
2.2932e+07 114758 122110 8871359.468389 
980
2.28658e+07 213755 221716 9163296.318757 
981
2.27739e+07 282986 289406 9490132.308452 
982
2.2665e+07 316798 322926 9825638.704266 
983
2.27111e+07 332242 338315 10222745.703826 
984
-3.19382e+07 -7.20378e+06 -8.10256e+06 -14012810.833980 
985
-2.88433e+07 -7.68031e+06 -8.31591e+06 -5790557.163653 
986
-2.68022e+07 -8.92926e+06 -9.36711e+06 552626.202859 
987
-2.44601e+07 -9.97307e+06 -1.0253e+07 5759281.970228 
988
-2.19017e+07 -1.07978e+07 -1.09594e+07 9933122.859727 
989
-1.91628e+07 -1.13897e+07 -1.14622e+07 13189109.920167 
990
-1.633e+07 -1.17623e+07 -1.1774e+07 15640793.209716 
991
-1.34359e+07 -1.19248e+07 -1.18901e+07 17401105.859899 
992
-1.05488e+07 -1.19003e+07 -1.18391e+07 18580052.969676 
993
-7.70046e+06 -1.17179e+07 -1.16292e+07 19269472.429957 
994
-4.94276e+06 -1.14011e+07 -1.13107e+07 19559289.960142 
995
-2.28783e+06 -1.09785e+07 -1.08845e+07 19525071.929807 
996
238356 -1.04756e+07 -1.0392e+07 19235673.599591 
997
2.62517e+06 -9.916e+06 -9.83493e+06 18749324.852188 
998
4.86257e+06 -9.31903e+06 -9.24377e+06 18113628.385728 
999
6.94627e+06 -8.70069e+06 -8.63216e+06 17369986.900239 
1000
8.87714e+06 -8.0765e+06 -8.0147e+06 16557462.689717 
1001
1.06539e+07 -7.45489e+06 -7.39823e+06 15700770.621680 
1002
1.22962e+07 -6.84337e+06 -6.8014e+06 14824481.012618 
1003
1.37851e+07 -6.25049e+06 -6.2138e+06 13955617.728062 
1004
1.51333e+07 -5.67903e+06 -5.64508e+06 13106402.140042 
1005
1.63532e+07 -5.12689e+06 -5.10143e+06 12282548.496195 
1006
1.7464e+07 -4.60596e+06 -4.58697e+06 11520762.692062 
1007
1.8437e+07 -4.11135e+06 -4.0903e+06 10814988.903248 
1008
1.93191e+07 -3.63688e+06 -3.62421e+06 10165846.515922 
1009
2.00776e+07 -3.19321e+06 -3.17801e+06 9601239.347829 
1010
2.07516e+07 -2.76995e+06 -2.75689e+06 9104442.269871 
1011
2.13244e+07 -2.3701e+06 -2.35739e+06 8698006.928799 
1012
2.18113e+07 -1.99243e+06 -1.98016e+06 8369411.794177 
1013
2.22127e+07 -1.63463e+06 -1.62428e+06 8128002.368305 
1014
2.25329e+07 -1.30256e+06 -1.28912e+06 7983248.085083 
1015
2.2779e+07 -989114 -977073 7916467.971839 
1016
2.29556e+07 -699599 -687829 7934197.604909 
1017
2.30658e+07 -433630 -423255 8032186.600193 
1018
2.31178e+07 -198357 -187537 8204429.962251 
1019
2.31162e+07 5477.65 17916.5 8442624.565235 
1020
2.30706e+07 176755 188016 8736477.482234 
1021
2.29875e+07 309454 320760 9073536.867374 
1022
2.28766e+07 401486 412325 9429114.068732 
1023
2.27483e+07 447187 456682 9807061.233794 
1024
2.28007e+07 467676 477110 10262748.984335 
1025
-2.93188e+07 -9.09454e+06 -1.01205e+07 -12640855.425969 
1026
-2.62248e+07 -9.68394e+06 -1.03885e+07 -4536390.091649 
1027
-2.41337e+07 -1.12453e+07 -1.17131e+07 1638269.124854 
1028
-2.1748e+07 -1.25373e+07 -1.28201e+07 6640636.835790 
1029
-1.91569e+07 -1.35412e+07 -1.36914e+07 10589211.240168 
1030
-1.64052e+07 -1.42504e+07 -1.42982e+07 13616654.560154 
1031
-1.35664e+07 -1.46752e+07 -1.46427e+07 15845927.260305 
1032
-1.07106e+07 -1.48366e+07 -1.47546e+07 17404588.440164 
1033
-7.88636e+06 -1.47653e+07 -1.46567e+07 18404873.300277 
1034
-5.1305e+06 -1.44974e+07 -1.43807e+07 18942439.440136 
1035
-2.47371e+06 -1.40691e+07 -1.39418e+07 19111236.430285 
1036
57549 -1.35153e+07 -1.33994e+07 18986303.760097 
1037
2.44863e+06 -1.28686e+07 -1.27534e+07 18629988.820322 
1038
4.68973e+06 -1.21562e+07 -1.20484e+07 18097014.809800 
1039
6.77671e+06 -1.14037e+07 -1.13038e+07 17434513.489767 
1040
8.71036e+06 -1.06333e+07 -1.05415e+07 16684399.659799 
1041
1.05016e+07 -9.85559e+06 -9.78319e+06 15870573.740870 
1042
1.21346e+07 -9.08477e+06 -9.02039e+06 15022390.067812 
1043
1.36282e+07 -8.33277e+06 -8.27695e+06 14167323.392692 
1044
1.49825e+07 -7.60399e+06 -7.55422e+06 13319353.709709 
1045
1.6224e+07 -6.89707e+06 -6.86481e+06 12484886.858012 
1046
1.73307e+07 -6.23053e+06 -6.20034e+06 11703170.403930 
1047
1.83169e+07 -5.59449e+06 -5.56417e+06 10967577.931951 
1048
1.92151e+07 -4.98588e+06 -4.9657e+06 10280329.772218 
1049
1.99932e+07 -4.41441e+06 -4.3925e+06 9670031.660156 
1050
2.06905e+07 -3.86847e+06 -3.85268e+06 9121074.768190 
1051
2.12899e+07 -3.35513e+06 -3.33908e+06 8657443.176116 
1052
2.18043e+07 -2.86644e+06 -2.85297e+06 8267410.224158 
1053
2.22384e+07 -2.40466e+06 -2.39315e+06 7962220.518954 
1054
2.25932e+07 -1.9735e+06 -1.95793e+06 7752669.992240 
1055
2.2875e+07 -1.56353e+06 -1.54831e+06 7622361.204130 
1056
2.30852e+07 -1.18036e+06 -1.16414e+06 7580030.637834 
1057
2.323e+07 -823213 -808673 7623943.663054 
1058
2.33114e+07 -496905 -482849 7750829.367187 
1059
2.33368e+07 -204778 -190830 7955253.043134 
1060
2.33123e+07 49135.3 63395.2 8229530.698978 
1061
2.324e+07 260322 276138 8563658.892736 
1062
2.31354e+07 426311 441891 8945399.457900 
1063
2.30005e+07 539211 555631 9350207.674287 
1064
2.28478e+07 597347 612281 9782005.495538 
1065
2.29103e+07 622807 637750 10311594.704690 
1066
-2.604e+07 -1.10561e+07 -1.21374e+07 -10932674.940073 
1067
-2.29475e+07 -1.17496e+07 -1.24591e+07 -2983470.314002 
1068
-2.07918e+07 -1.36189e+07 -1.40638e+07 2970791.140844 
1069
-1.8352e+07 -1.51505e+07 -1.53899e+07 7706535.780086 
1070
-1.57063e+07 -1.63145e+07 -1.63972e+07 11366469.999922 
1071
-1.29498e+07 -1.71115e+07 -1.70927e+07 14100555.520011 
1072
-1.01341e+07 -1.75584e+07 -1.74615e+07 16054307.950158 
1073
-7.33468e+06 -1.76866e+07 -1.75443e+07 17362307.159726 
1074
-4.59654e+06 -1.75407e+07 -1.73773e+07 18147736.019973 
1075
-1.95717e+06 -1.71625e+07 -1.69984e+07 18508816.370066 
1076
555363 -1.66021e+07 -1.64284e+07 18538117.919871 
1077
2.92569e+06 -1.59e+07 -1.57461e+07 18304900.399806 
1078
5.13984e+06 -1.50971e+07 -1.49527e+07 17872806.660122 
1079
7.19401e+06 -1.42264e+07 -1.40918e+07 17292113.460094 
1080
9.09172e+06 -1.33182e+07 -1.31959e+07 16605229.800128 
1081
1.08468e+07 -1.23922e+07 -1.2296e+07 15843392.189735 
1082
1.24416e+07 -1.14653e+07 -1.13806e+07 15033812.939661 
1083
1.3897e+07 -1.05562e+07 -1.04811e+07 14206191.199836 
1084
1.52157e+07 -9.6703e+06 -9.60263e+06 13374099.487882 
1085
1.64259e+07 -8.80745e+06 -8.76399e+06 12544805.010303 
1086
1.75036e+07 -7.99187e+06 -7.95076e+06 11758352.784188 
1087
1.84664e+07 -7.21224e+06 -7.17265e+06 11008390.569705 
1088
1.93467e+07 -6.46521e+06 -6.44051e+06 10298013.310789 
1089
2.01123e+07 -5.76589e+06 -5.73903e+06 9656859.249194 
1090
2.08028e+07 -5.09554e+06 -5.07782e+06 9068825.399700 
1091
2.14013e+07 -4.46757e+06 -4.44885e+06 8559735.653777 
1092
2.19189e+07 -3.86926e+06 -3.85291e+06 8118288.167968 
1093
2.23636e+07 -3.30319e+06 -3.28805e+06 7756803.962656 
1094
2.27324e+07 -2.76839e+06 -2.75237e+06 7486714.899650 
1095
2.30351e+07 -2.26159e+06 -2.24576e+06 7294870.336850 
1096
2.32696e+07 -1.78387e+06 -1.76669e+06 7191315.848322 
1097
2.34384e+07 -1.33356e+06 -1.31674e+06 7176750.335718 
1098
2.35466e+07 -917275 -898034 7250931.400040 
1099
2.35972e+07 -531021 -513645 7411251.916500 
1100
2.3592e+07 -186141 -167038 7653492.600365 
1101
2.35382e+07 116898 135849 7970625.547319 
1102
2.344e+07 369923 389225 8353088.847110 
1103
2.33047e+07 569207 587878 8788766.634309 
1104
2.31438e+07 706343 725053 9263205.772113 
1105
2.29644e+07 776787 794742 9749790.906631 
1106
2.30362e+07 807157 825153 10367759.411734 
1107
-2.20465e+07 -1.31018e+07 -1.41528e+07 -8865376.350279 
1108
-1.8959e+07 -1.38931e+07 -1.45296e+07 -1118409.775722 
1109
-1.67238e+07 -1.60663e+07 -1.64219e+07 4552940.198919 
1110
-1.42052e+07 -1.78169e+07 -1.79421e+07 8950604.441142 
1111
-1.1536e+07 -1.91163e+07 -1.91051e+07 12247089.860001 
1112
-8.7644e+06 -1.99661e+07 -1.98407e+07 14620095.609889 
1113
-5.99115e+06 -2.0394e+07 -2.02011e+07 16238426.970196 
1114
-3.27145e+06 -2.04512e+07 -2.02258e+07 17250473.639811 
1115
-656359 -2.01904e+07 -1.99572e+07 17784494.840095 
1116
1.82711e+06 -1.96719e+07 -1.94509e+07 17943520.859787 
1117
4.14996e+06 -1.89533e+07 -1.87358e+07 17815223.689586 
1118
6.30593e+06 -1.80879e+07 -1.78786e+07 17471599.369660 
1119
8.30153e+06 -1.7112e+07 -1.69426e+07 16956285.680152 
1120
1.01255e+07 -1.60766e+07 -1.5928e+07 16326790.070249 
1121
1.17863e+07 -1.50123e+07 -1.48761e+07 15618850.320114 
1122
1.33002e+07 -1.39362e+07 -1.38194e+07 14853737.199872 
1123
1.46835e+07 -1.28744e+07 -1.27799e+07 14062755.899784 
1124
1.59212e+07 -1.18325e+07 -1.17488e+07 13257340.080345 
1125
1.70396e+07 -1.0827e+07 -1.0752e+07 12460565.599828 
1126
1.80601e+07 -9.85111e+06 -9.80089e+06 11670303.704287 
1127
1.89565e+07 -8.92809e+06 -8.88036e+06 10921441.221893 
1128
1.97785e+07 -8.05153e+06 -8.01414e+06 10214604.124231 
1129
2.04925e+07 -7.21373e+06 -7.18315e+06 9546208.349961 
1130
2.11359e+07 -6.42725e+06 -6.3995e+06 8942491.094358 
1131
2.17004e+07 -5.67779e+06 -5.65697e+06 8393147.715857 
1132
2.21945e+07 -4.96926e+06 -4.95356e+06 7912174.607575 
1133
2.26204e+07 -4.30588e+06 -4.28692e+06 7513115.824854 
1134
2.29805e+07 -3.67021e+06 -3.65308e+06 7182710.824713 
1135
2.32807e+07 -3.06993e+06 -3.0524e+06 6934434.115695 
1136
2.3522e+07 -2.49872e+06 -2.48181e+06 6771148.412215 
1137
2.37036e+07 -1.95824e+06 -1.94049e+06 6696188.264217 
1138
2.38292e+07 -1.44912e+06 -1.43071e+06 6711670.207979 
1139
2.38974e+07 -973494 -953151 6818469.599788 
1140
2.3912e+07 -532721 -512395 7015666.598845 
1141
2.38757e+07 -134518 -112993 7300260.487050 
1142
2.379e+07 214513 237824 7666275.541873 
1143
2.366e+07 509342 532622 8104646.688537 
1144
2.34953e+07 739947 763833 8603167.940484 
1145
2.33019e+07 901331 924987 9147103.578970 
1146
2.30916e+07 983231 1.0086e+06 9709290.395691 
1147
2.31742e+07 1.01846e+06 1.04393e+06 10429249.425025 
1148
-1.72708e+07 -1.5255e+07 -1.6173e+07 -6408719.452076 
1149
-1.4189e+07 -1.6131e+07 -1.66034e+07 1075341.401805 
1150
-1.18457e+07 -1.86023e+07 -1.87706e+07 6383493.330339 
1151
-9.26918e+06 -2.05493e+07 -2.0515e+07 10353451.539569 
1152
-6.55196e+06 -2.1941e+07 -2.17722e+07 13200119.000196 
1153
-3.79525e+06 -2.27938e+07 -2.25306e+07 15136980.820148 
1154
-1.08666e+06 -2.31534e+07 -2.28447e+07 16357721.610086 
1155
1.51161e+06 -2.30874e+07 -2.27666e+07 17026944.459820 
1156
3.96122e+06 -2.26702e+07 -2.23625e+07 17283753.029789 
1157
6.22676e+06 -2.1976e+07 -2.16719e+07 17223643.419917 
1158
8.3116e+06 -2.10657e+07 -2.08075e+07 16927440.639790 
1159
1.02017e+07 -2.00148e+07 -1.97826e+07 16466220.939747 
1160
1.19066e+07 -1.8874e+07 -1.86594e+07 15887774.650015 
1161
1.34581e+07 -1.76761e+07 -1.75044e+07 15221055.509916 
1162
1.48385e+07 -1.64606e+07 -1.63067e+07 14501400.349928 
1163
1.60741e+07 -1.52444e+07 -1.5109e+07 13744584.170035 
1164
1.71952e+07 -1.40543e+07 -1.39441e+07 12976403.750159 
1165
1.81839e+07 -1.28845e+07 -1.2798e+07 12194706.909789 
1166
1.90621e+07 -1.17697e+07 -1.16912e+07 11436452.519679 
1167
1.98652e+07 -1.0707e+07 -1.06439e+07 10704275.359702 
1168
2.05624e+07 -9.68434e+06 -9.63541e+06 9993184.565311 
1169
2.1197e+07 -8.72548e+06 -8.68541e+06 9332888.297948 
1170
2.17533e+07 -7.81322e+06 -7.7826e+06 8712837.190323 
1171
2.22435e+07 -6.94996e+06 -6.92822e+06 8146510.719234 
1172
2.26725e+07 -6.14401e+06 -6.1197e+06 7649295.597855 
1173
2.30467e+07 -5.37303e+06 -5.3545e+06 7207765.711097 
1174
2.337e+07 -4.6456e+06 -4.62971e+06 6836829.931829 
1175
2.36418e+07 -3.95586e+06 -3.94068e+06 6540535.658702 
1176
2.38638e+07 -3.30362e+06 -3.28514e+06 6329088.386127 
1177
2.40385e+07 -2.67997e+06 -2.66057e+06 6195534.070657 
1178
2.41638e+07 -2.08726e+06 -2.06615e+06 6149932.298815 
1179
2.4241e+07 -1.52342e+06 -1.50194e+06 6195846.431791 
1180
2.42701e+07 -993129 -971386 6336260.546141 
1181
2.42477e+07 -500785 -477549 6572318.041323 
1182
2.4177e+07 -52914.8 -26961 6902694.354106 
1183
2.40577e+07 341820 370756 7316332.815790 
1184
2.38966e+07 679097 707585 7817543.434412 
1185
2.36996e+07 944407 973232 8387746.174727 
1186
2.34704e+07 1.12878e+06 1.15943e+06 9011142.854123 
1187
2.3223e+07 1.22784e+06 1.25796e+06 9659727.935851 
1188
2.33199e+07 1.26796e+06 1.29838e+06 10494359.406218 
1189
-1.16188e+07 -1.75453e+07 -1.82042e+07 -3527395.357744 
1190
-8.54976e+06 -1.84888e+07 -1.86872e+07 3616760.794145 
1191
-6.09625e+06 -2.12436e+07 -2.11548e+07 8461939.895114 
1192
-3.43387e+06 -2.3349e+07 -2.30672e+07 11894389.549722 
1193
-685624 -2.47775e+07 -2.43943e+07 14185992.980217 
1194
2.03297e+06 -2.557e+07 -2.51268e+07 15600574.060001 
1195
4.63534e+06 -2.5794e+07 -2.534e+07 16363640.439664 
1196
7.06127e+06 -2.55445e+07 -2.51105e+07 16655023.719996 
1197
9.26716e+06 -2.49182e+07 -2.45011e+07 16609648.249857 
1198
1.12609e+07 -2.401e+07 -2.36439e+07 16325941.429891 
1199
1.3022e+07 -2.2897e+07 -2.25644e+07 15874340.540295 
1200
1.45761e+07 -2.16574e+07 -2.13571e+07 15313427.159918 
1201
1.59546e+07 -2.03342e+07 -2.0088e+07 14670227.770292 
1202
1.71479e+07 -1.89799e+07 -1.87573e+07 13980959.399915 
1203
1.82093e+07 -1.76018e+07 -1.74369e+07 13246834.479757 
1204
1.9125e+07 -1.62609e+07 -1.61159e+07 12511871.780357 
1205
1.99217e+07 -1.49418e+07 -1.48238e+07 11764782.389794 
1206
2.06404e+07 -1.36875e+07 -1.3591e+07 11040699.719694 
1207
2.12543e+07 -1.24739e+07 -1.23973e+07 10323993.000161 
1208
2.18087e+07 -1.13299e+07 -1.12685e+07 9643318.676634 
1209
2.22903e+07 -1.02382e+07 -1.01938e+07 8988915.677155 
1210
2.27131e+07 -9.21752e+06 -9.17698e+06 8384440.525067 
1211
2.30826e+07 -8.24699e+06 -8.21559e+06 7817409.800093 
1212
2.34084e+07 -7.33267e+06 -7.30937e+06 7301892.814719 
1213
2.36909e+07 -6.47074e+06 -6.45241e+06 6842774.459674 
1214
2.39347e+07 -5.66193e+06 -5.64207e+06 6450543.233243 
1215
2.41438e+07 -4.89072e+06 -4.87382e+06 6118107.528745 
1216
2.43197e+07 -4.1584e+06 -4.14314e+06 5856485.168813 
1217
2.4458e+07 -3.4633e+06 -3.44585e+06 5671122.917251 
1218
2.45651e+07 -2.7972e+06 -2.77927e+06 5566703.479765 
1219
2.46319e+07 -2.16299e+06 -2.14109e+06 5549488.448141 
1220
2.46631e+07 -1.55554e+06 -1.53192e+06 5624578.017913 
1221
2.4651e+07 -976987 -952900 5797264.195044 
1222
2.45926e+07 -437162 -409563 6071534.126566 
1223
2.44886e+07 61046.8 90215.4 6448577.848023 
1224
2.43389e+07 504718 536780 6926051.728801 
1225
2.41435e+07 880830 917362 7489967.023963 
1226
2.39103e+07 1.183e+06 1.21953e+06 8140576.500360 
1227
2.36449e+07 1.39464e+06 1.43197e+06 8854003.363979 
1228
2.33571e+07 1.51165e+06 1.54682e+06 9610280.302071 
1229
2.34697e+07 1.55511e+06 1.59257e+06 10561091.805957 
1230
-4.96995e+06 -2.00112e+07 -2.02584e+07 -171862.338268 
1231
-1.92039e+06 -2.09945e+07 -2.07904e+07 6525586.788972 
1232
661660 -2.40105e+07 -2.35629e+07 10773065.489917 
1233
3.41088e+06 -2.62148e+07 -2.56356e+07 13526943.079812 
1234
6.16715e+06 -2.76056e+07 -2.69581e+07 15145781.260004 
1235
8.80895e+06 -2.82533e+07 -2.75967e+07 15952913.789790 
1236
1.12425e+07 -2.82514e+07 -2.76378e+07 16196397.850032 
1237
1.34023e+07 -2.77389e+07 -2.71634e+07 16076111.009872 
1238
1.52844e+07 -2.68503e+07 -2.63245e+07 15722274.480283 
1239
1.69108e+07 -2.56889e+07 -2.5243e+07 15220605.900146 
1240
1.82677e+07 -2.43549e+07 -2.39525e+07 14629702.800223 
1241
1.9425e+07 -2.29111e+07 -2.25775e+07 13980786.129730 
1242
2.03756e+07 -2.13949e+07 -2.11238e+07 13284832.360027 
1243
2.11835e+07 -1.98954e+07 -1.96698e+07 12590172.149862 
1244
2.18349e+07 -1.83907e+07 -1.82053e+07 11874479.399776 
1245
2.24003e+07 -1.69428e+07 -1.67933e+07 11174285.769989 
1246
2.28539e+07 -1.5532e+07 -1.54125e+07 10475025.469866 
1247
2.32472e+07 -1.41998e+07 -1.40982e+07 9805194.400136 
1248
2.35741e+07 -1.29192e+07 -1.2843e+07 9148729.179882 
1249
2.38502e+07 -1.17096e+07 -1.1653e+07 8522598.039718 
1250
2.40855e+07 -1.05688e+07 -1.05291e+07 7930677.940263 
1251
2.42853e+07 -9.50627e+06 -9.46941e+06 7385385.635358 
1252
2.44556e+07 -8.49854e+06 -8.47137e+06 6876342.598156 
1253
2.45997e+07 -7.55113e+06 -7.53063e+06 6414994.517213 
1254
2.47251e+07 -6.65927e+06 -6.64468e+06 6005575.146235 
1255
2.48309e+07 -5.82011e+06 -5.80697e+06 5653006.968175 
1256
2.49179e+07 -5.02307e+06 -5.01163e+06 5360610.955001 
1257
2.49905e+07 -4.26758e+06 -4.2554e+06 5134549.507084 
1258
2.50436e+07 -3.54587e+06 -3.53104e+06 4979867.269051 
1259
2.50764e+07 -2.85662e+06 -2.8358e+06 4908298.016312 
1260
2.50871e+07 -2.18963e+06 -2.16541e+06 4916320.143797 
1261
2.50716e+07 -1.54594e+06 -1.52007e+06 5011674.696121 
1262
2.50214e+07 -926163 -900227 5212817.329284 
1263
2.49336e+07 -343003 -311521 5522094.683766 
1264
2.48002e+07 202029 237104 5944255.639825 
1265
2.46207e+07 693490 732761 6480293.833976 
1266
2.43953e+07 1.12046e+06 1.16047e+06 7125067.869839 
1267
2.41258e+07 1.45994e+06 1.50298e+06 7858435.040098 
1268
2.38224e+07 1.70208e+06 1.74572e+06 8673378.813763 
1269
2.34937e+07 1.83533e+06 1.87905e+06 9538656.426931 
1270
2.36207e+07 1.88381e+06 1.93041e+06 10628392.113245 
1271
2.83477e+06 -2.2697e+07 -2.23549e+07 3722091.494822 
1272
5.8492e+06 -2.36831e+07 -2.29285e+07 9827348.269639 
1273
8.58021e+06 -2.69259e+07 -2.59819e+07 13298799.060182 
1274
1.14082e+07 -2.91462e+07 -2.81574e+07 15196353.920312 
1275
1.41386e+07 -3.03699e+07 -2.94155e+07 15989229.150198 
1276
1.66176e+07 -3.07603e+07 -2.9836e+07 16094651.290126 
1277
1.87871e+07 -3.04319e+07 -2.96157e+07 15778869.199634 
1278
2.05779e+07 -2.95829e+07 -2.88541e+07 15241567.820024 
1279
2.20198e+07 -2.83789e+07 -2.77354e+07 14596839.039759 
1280
2.31641e+07 -2.69385e+07 -2.63995e+07 13904310.159833 
1281
2.40139e+07 -2.53389e+07 -2.48883e+07 13184328.869695 
1282
2.46707e+07 -2.37043e+07 -2.33293e+07 12481545.459830 
1283
2.51248e+07 -2.20303e+07 -2.17216e+07 11774193.939832 
1284
2.54624e+07 -2.03805e+07 -2.01425e+07 11081763.799963 
1285
2.56865e+07 -1.87913e+07 -1.8592e+07 10413283.150061 
1286
2.58282e+07 -1.7249e+07 -1.70925e+07 9756045.574735 
1287
2.59121e+07 -1.57744e+07 -1.56572e+07 9117854.903001 
1288
2.59497e+07 -1.43763e+07 -1.429e+07 8503803.320139 
1289
2.59564e+07 -1.306e+07 -1.29958e+07 7918478.422882 
1290
2.59399e+07 -1.18204e+07 -1.17745e+07 7362374.189325 
1291
2.59091e+07 -1.06681e+07 -1.06257e+07 6846556.199793 
1292
2.58707e+07 -9.57774e+06 -9.54711e+06 6359881.664058 
1293
2.58269e+07 -8.55572e+06 -8.53378e+06 5912723.984048 
1294
2.57824e+07 -7.59964e+06 -7.58227e+06 5509333.279828 
1295
2.57378e+07 -6.69862e+06 -6.68598e+06 5151682.760110 
1296
2.56985e+07 -5.8516e+06 -5.84062e+06 4845135.648125 
1297
2.56581e+07 -5.04945e+06 -5.03762e+06 4593332.040216 
1298
2.56223e+07 -4.2855e+06 -4.27258e+06 4401348.688935 
1299
2.5589e+07 -3.5533e+06 -3.53895e+06 4275227.752014 
1300
2.55518e+07 -2.84952e+06 -2.8301e+06 4222474.491700 
1301
2.55061e+07 -2.16434e+06 -2.14148e+06 4251051.064103 
1302
2.54477e+07 -1.50019e+06 -1.47152e+06 4371509.347661 
1303
2.53655e+07 -849660 -819440 4594619.529389 
1304
2.52529e+07 -224963 -190295 4932361.422334 
1305
2.50977e+07 366184 406203 5388959.916042 
1306
2.48979e+07 910935 955226 5981667.502171 
1307
2.46447e+07 1.38644e+06 1.43517e+06 6703489.383933 
1308
2.43433e+07 1.77488e+06 1.82483e+06 7542105.116886 
1309
2.39992e+07 2.049e+06 2.10315e+06 8465063.712209 
1310
2.36273e+07 2.20387e+06 2.25793e+06 9453981.943300 
1311
2.37723e+07 2.2607e+06 2.31599e+06 10707548.232648 
1312
1.20182e+07 -2.56759e+07 -2.45247e+07 8247463.616817 
1313
1.49627e+07 -2.65879e+07 -2.51031e+07 13538679.929780 
1314
1.78556e+07 -2.99918e+07 -2.84328e+07 15984066.830017 
1315
2.07278e+07 -3.20862e+07 -3.06042e+07 16784138.639997 
1316
2.33644e+07 -3.30253e+07 -3.1672e+07 16610283.229884 
1317
2.5579e+07 -3.29583e+07 -3.17705e+07 15912430.529722 
1318
2.7312e+07 -3.21767e+07 -3.1144e+07 15014617.299847 
1319
2.86051e+07 -3.09119e+07 -3.00507e+07 14087256.370101 
1320
2.94533e+07 -2.93466e+07 -2.86086e+07 13191906.679961 
1321
2.99643e+07 -2.75867e+07 -2.69904e+07 12343097.800221 
1322
3.02082e+07 -2.57825e+07 -2.52827e+07 11567492.400231 
1323
3.02476e+07 -2.39479e+07 -2.35463e+07 10835538.470057 
1324
3.01467e+07 -2.21434e+07 -2.18281e+07 10146333.800170 
1325
2.99419e+07 -2.0399e+07 -2.01515e+07 9495939.579070 
1326
2.96698e+07 -1.87285e+07 -1.85352e+07 8877469.401214 
1327
2.93588e+07 -1.71417e+07 -1.69921e+07 8288206.695668 
1328
2.90268e+07 -1.56381e+07 -1.55269e+07 7723726.346096 
1329
2.86874e+07 -1.42258e+07 -1.41425e+07 7187526.088296 
1330
2.83508e+07 -1.28988e+07 -1.28393e+07 6677605.297875 
1331
2.80243e+07 -1.1658e+07 -1.1616e+07 6196987.092236 
1332
2.77162e+07 -1.05003e+07 -1.04708e+07 5747475.656991 
1333
2.74253e+07 -9.41848e+06 -9.39815e+06 5330191.726986 
1334
2.71588e+07 -8.40746e+06 -8.39475e+06 4947667.465782 
1335
2.69163e+07 -7.46411e+06 -7.45451e+06 4603403.436113 
1336
2.66986e+07 -6.57329e+06 -6.57122e+06 4295627.614256 
1337
2.65056e+07 -5.74069e+06 -5.73811e+06 4035747.199776 
1338
2.6337e+07 -4.9522e+06 -4.94841e+06 3823690.988153 
1339
2.61904e+07 -4.20282e+06 -4.19388e+06 3664869.574167 
1340
2.60664e+07 -3.47958e+06 -3.46809e+06 3564509.315036 
1341
2.59581e+07 -2.78033e+06 -2.76329e+06 3531191.237945 
1342
2.58617e+07 -2.09584e+06 -2.07282e+06 3574257.574842 
1343
2.57663e+07 -1.42117e+06 -1.39189e+06 3705852.920168 
1344
2.5661e+07 -751799 -718618 3940527.007181 
1345
2.55349e+07 -93035 -55380.4 4295153.652172 
1346
2.53731e+07 543086 587716 4786803.244206 
1347
2.51623e+07 1.14245e+06 1.19338e+06 5423752.248085 
1348
2.48911e+07 1.68066e+06 1.73594e+06 6222540.769666 
1349
2.4563e+07 2.12298e+06 2.18327e+06 7167800.556827 
1350
2.41819e+07 2.44224e+06 2.50671e+06 8222742.891622 
1351
2.37629e+07 2.62351e+06 2.68748e+06 9354706.195806 
1352
2.39278e+07 2.68817e+06 2.75395e+06 10776968.595019 
1353
2.28921e+07 -2.9028e+07 -2.68174e+07 13527182.340367 
1354
2.57278e+07 -2.98073e+07 -2.73924e+07 17698587.510284 
1355
2.87787e+07 -3.31888e+07 -3.09337e+07 18716370.720334 
1356
3.16228e+07 -3.49805e+07 -3.29454e+07 18136395.319847 
1357
3.40141e+07 -3.5369e+07 -3.36041e+07 16804950.089786 
1358
3.57954e+07 -3.46866e+07 -3.32203e+07 15274821.719957 
1359
3.69074e+07 -3.33196e+07 -3.21028e+07 13835315.279841 
1360
3.74393e+07 -3.1569e+07 -3.05539e+07 12583603.200224 
1361
3.75098e+07 -2.95929e+07 -2.87774e+07 11504607.960250 
1362
3.72352e+07 -2.75778e+07 -2.6902e+07 10592300.960275 
1363
3.67253e+07 -2.55303e+07 -2.50113e+07 9786495.539897 
1364
3.60636e+07 -2.35634e+07 -2.31538e+07 9082185.860052 
1365
3.5313e+07 -2.16789e+07 -2.13579e+07 8447795.390213 
1366
3.45153e+07 -1.98873e+07 -1.96375e+07 7865173.280190 
1367
3.37048e+07 -1.81793e+07 -1.80023e+07 7317309.907825 
1368
3.29056e+07 -1.65887e+07 -1.6457e+07 6808542.472187 
1369
3.21311e+07 -1.51008e+07 -1.5002e+07 6329887.197117 
1370
3.13915e+07 -1.37102e+07 -1.36363e+07 5877667.449106 
1371
3.06981e+07 -1.23996e+07 -1.23596e+07 5445133.199830 
1372
3.00498e+07 -1.11917e+07 -1.11663e+07 5044264.979994 
1373
2.94497e+07 -1.00693e+07 -1.00525e+07 4670568.929908 
1374
2.89038e+07 -9.02427e+06 -9.01526e+06 4324375.007799 
1375
2.84061e+07 -8.04448e+06 -8.04681e+06 4003918.600251 
1376
2.79619e+07 -7.13665e+06 -7.14272e+06 3718723.676742 
1377
2.7564e+07 -6.28955e+06 -6.29434e+06 3468028.301137 
1378
2.72171e+07 -5.49562e+06 -5.49616e+06 3254525.876845 
1379
2.69173e+07 -4.74142e+06 -4.73998e+06 3080687.073061 
1380
2.66617e+07 -4.02402e+06 -4.01722e+06 2952147.443859 
1381
2.64469e+07 -3.32926e+06 -3.31924e+06 2874044.256876 
1382
2.62688e+07 -2.65355e+06 -2.63751e+06 2855009.191774 
1383
2.61234e+07 -1.98368e+06 -1.96358e+06 2902478.343350 
1384
2.59984e+07 -1.31605e+06 -1.28915e+06 3035180.280161 
1385
2.58812e+07 -642771 -609412 3268200.260051 
1386
2.57571e+07 34495.2 77140 3623488.935066 
1387
2.56049e+07 714137 763615 4126606.578258 
1388
2.54026e+07 1.37518e+06 1.43145e+06 4803535.649672 
1389
2.51323e+07 1.98297e+06 2.04896e+06 5666584.587162 
1390
2.47868e+07 2.50225e+06 2.57302e+06 6725732.211907 
1391
2.43733e+07 2.88285e+06 2.95777e+06 7934541.984294 
1392
2.39091e+07 3.09644e+06 3.17222e+06 9237884.904022 
1393
2.40967e+07 3.17211e+06 3.25045e+06 10852243.929675 
1394
3.59067e+07 -3.28979e+07 -2.93143e+07 19741527.880182 
1395
3.85181e+07 -3.33453e+07 -2.97988e+07 22259724.269996 
1396
4.16924e+07 -3.65429e+07 -3.34313e+07 21334942.909931 
1397
4.44269e+07 -3.77093e+07 -3.50701e+07 18996817.000083 
1398
4.63436e+07 -3.71876e+07 -3.50451e+07 16355874.550032 
1399
4.73483e+07 -3.569e+07 -3.39236e+07 14048992.929625 
1400
4.75092e+07 -3.3594e+07 -3.21871e+07 12175535.439743 
1401
4.702e+07 -3.1285e+07 -3.01754e+07 10713004.729729 
1402
4.60651e+07 -2.89572e+07 -2.80744e+07 9573696.411247 
1403
4.48317e+07 -2.66962e+07 -2.59969e+07 8666065.065722 
1404
4.34372e+07 -2.45175e+07 -2.39876e+07 7912790.399908 
1405
4.19753e+07 -2.24905e+07 -2.20733e+07 7284063.279697 
1406
4.0508e+07 -2.05701e+07 -2.02642e+07 6729162.717155 
1407
3.90657e+07 -1.87776e+07 -1.85584e+07 6231772.879964 
1408
3.76834e+07 -1.71245e+07 -1.69598e+07 5783422.049981 
1409
3.63704e+07 -1.55703e+07 -1.54627e+07 5362863.813606 
1410
3.51352e+07 -1.41423e+07 -1.40632e+07 4975323.785884 
1411
3.39889e+07 -1.28047e+07 -1.276e+07 4607308.909890 
1412
3.29282e+07 -1.15729e+07 -1.15465e+07 4264918.880312 
1413
3.19519e+07 -1.04207e+07 -1.04174e+07 3940301.047301 
1414
3.10635e+07 -9.36632e+06 -9.36925e+06 3642739.985986 
1415
3.02548e+07 -8.38778e+06 -8.39436e+06 3367348.532231 
1416
2.95259e+07 -7.47208e+06 -7.48778e+06 3112643.020901 
1417
2.88788e+07 -6.62981e+06 -6.64429e+06 2886707.790874 
1418
2.83035e+07 -5.84329e+06 -5.85518e+06 2687605.047960 
1419
2.77995e+07 -5.10209e+06 -5.11351e+06 2515508.980194 
1420
2.73653e+07 -4.40456e+06 -4.41177e+06 2378069.878795 
1421
2.7e+07 -3.74101e+06 -3.7414e+06 2277365.916264 
1422
2.66946e+07 -3.09919e+06 -3.09218e+06 2218335.967146 
1423
2.64507e+07 -2.46888e+06 -2.45489e+06 2208443.993258 
1424
2.62569e+07 -1.83931e+06 -1.81827e+06 2257931.441539 
1425
2.61095e+07 -1.1995e+06 -1.17185e+06 2381010.515538 
1426
2.59952e+07 -541939 -505173 2597191.864614 
1427
2.58895e+07 142818 188336 2929982.429898 
1428
2.57727e+07 851558 908616 3418290.425579 
1429
2.56088e+07 1.57574e+06 1.64139e+06 4101331.046028 
1430
2.53658e+07 2.27938e+06 2.35188e+06 5019790.415826 
1431
2.50263e+07 2.89652e+06 2.98002e+06 6186869.028679 
1432
2.45911e+07 3.36752e+06 3.45355e+06 7584148.559805 
1433
2.40842e+07 3.6285e+06 3.71811e+06 9098002.315879 
1434
2.43006e+07 3.72165e+06 3.81473e+06 10943152.457723 
1435
5.17751e+07 -3.74852e+07 -3.21603e+07 27167061.899809 
1436
5.39718e+07 -3.73362e+07 -3.24252e+07 27177338.189926 
1437
5.71702e+07 -3.99347e+07 -3.59006e+07 23454112.999544 
1438
5.94591e+07 -3.98584e+07 -3.66626e+07 18892051.439956 
1439
6.04891e+07 -3.80847e+07 -3.55601e+07 14995094.099904 
1440
6.02526e+07 -3.54772e+07 -3.34949e+07 12093803.300115 
1441
5.90135e+07 -3.26367e+07 -3.10853e+07 10033554.119880 
1442
5.71322e+07 -2.98412e+07 -2.86514e+07 8553869.500205 
1443
5.49081e+07 -2.7234e+07 -2.63252e+07 7475790.720274 
1444
5.25338e+07 -2.48353e+07 -2.41456e+07 6662358.879807 
1445
5.01492e+07 -2.26365e+07 -2.2124e+07 6023616.529666 
1446
4.78115e+07 -2.06281e+07 -2.0246e+07 5504148.540040 
1447
4.55788e+07 -1.87785e+07 -1.85062e+07 5060335.899615 
1448
4.34691e+07 -1.70804e+07 -1.68916e+07 4671950.535124 
1449
4.149e+07 -1.55168e+07 -1.5391e+07 4321772.300001 
1450
3.96517e+07 -1.40749e+07 -1.39983e+07 4000406.148882 
1451
3.79588e+07 -1.27431e+07 -1.27076e+07 3701194.160007 
1452
3.63988e+07 -1.15289e+07 -1.15093e+07 3426000.819930 
1453
3.4972e+07 -1.03934e+07 -1.03991e+07 3163725.173589 
1454
3.36695e+07 -9.34949e+06 -9.36994e+06 2919658.342722 
1455
3.24927e+07 -8.39599e+06 -8.41842e+06 2695504.035999 
1456
3.1428e+07 -7.50552e+06 -7.53651e+06 2485270.907860 
1457
3.0473e+07 -6.68957e+06 -6.71912e+06 2295612.013739 
1458
2.96227e+07 -5.92997e+06 -5.96014e+06 2123402.995852 
1459
2.88725e+07 -5.22826e+06 -5.25305e+06 1973337.009836 
1460
2.82167e+07 -4.57113e+06 -4.59025e+06 1845211.520343 
1461
2.76521e+07 -3.95074e+06 -3.96432e+06 1741456.963647 
1462
2.71722e+07 -3.35748e+06 -3.36614e+06 1663890.904986 
1463
2.67789e+07 -2.78701e+06 -2.78689e+06 1620307.848951 
1464
2.64664e+07 -2.22414e+06 -2.21555e+06 1615259.447325 
1465
2.62277e+07 -1.65921e+06 -1.63972e+06 1658122.333065 
1466
2.60616e+07 -1.07308e+06 -1.04584e+06 1761826.270319 
1467
2.59552e+07 -458543 -419031 1946014.746557 
1468
2.58924e+07 207216 255721 2238422.618699 
1469
2.58409e+07 926555 989466 2676895.027982 
1470
2.57596e+07 1.70678e+06 1.78062e+06 3321437.092253 
1471
2.55919e+07 2.51586e+06 2.60013e+06 4243670.490239 
1472
2.52954e+07 3.27717e+06 3.37387e+06 5503472.293193 
1473
2.4863e+07 3.88489e+06 3.98816e+06 7113069.871357 
1474
2.43254e+07 4.22718e+06 4.33376e+06 8922447.176756 
1475
2.45824e+07 4.34983e+06 4.46253e+06 11068410.807708 
1476
7.16816e+07 -4.316e+07 -3.56092e+07 36287222.579960 
1477
7.2992e+07 -4.17834e+07 -3.5357e+07 32093918.000173 
1478
7.58658e+07 -4.29371e+07 -3.80448e+07 24250846.739818 
1479
7.71723e+07 -4.08661e+07 -3.71811e+07 17252661.959934 
1480
7.65545e+07 -3.72774e+07 -3.45005e+07 12465879.200244 
1481
7.43177e+07 -3.3493e+07 -3.13835e+07 9476983.570230 
1482
7.10862e+07 -3.00093e+07 -2.84157e+07 7533880.819713 
1483
6.74367e+07 -2.69363e+07 -2.57468e+07 6242458.450131 
1484
6.37091e+07 -2.42489e+07 -2.33769e+07 5349698.719927 
1485
6.00727e+07 -2.19159e+07 -2.12638e+07 4712806.760039 
1486
5.66146e+07 -1.98275e+07 -1.93639e+07 4227428.879685 
1487
5.33701e+07 -1.7961e+07 -1.76409e+07 3842451.739917 
1488
5.03534e+07 -1.6287e+07 -1.60677e+07 3523390.169664 
1489
4.75677e+07 -1.47515e+07 -1.46246e+07 3243690.930209 
1490
4.50042e+07 -1.33666e+07 -1.3296e+07 2997290.819912 
1491
4.26504e+07 -1.21e+07 -1.20692e+07 2772527.028342 
1492
4.04955e+07 -1.09357e+07 -1.09354e+07 2563347.000239 
1493
3.85368e+07 -9.86471e+06 -9.88975e+06 2367581.501907 
1494
3.67554e+07 -8.8835e+06 -8.92367e+06 2185001.734861 
1495
3.51383e+07 -7.98142e+06 -8.03104e+06 2014166.921208 
1496
3.36834e+07 -7.16201e+06 -7.20836e+06 1857550.240082 
1497
3.23726e+07 -6.39706e+06 -6.44835e+06 1710155.147887 
1498
3.12008e+07 -5.69671e+06 -5.74639e+06 1576080.778614 
1499
3.01593e+07 -5.05239e+06 -5.09674e+06 1456175.867598 
1500
2.92375e+07 -4.45304e+06 -4.49287e+06 1349473.200041 
1501
2.84322e+07 -3.89779e+06 -3.92892e+06 1259258.558776 
1502
2.77403e+07 -3.37498e+06 -3.39815e+06 1185987.033094 
1503
2.71524e+07 -2.87632e+06 -2.89209e+06 1131126.623199 
1504
2.66678e+07 -2.39696e+06 -2.40204e+06 1100259.274929 
1505
2.62816e+07 -1.92265e+06 -1.91742e+06 1097076.166902 
1506
2.59973e+07 -1.44344e+06 -1.42599e+06 1129092.959987 
1507
2.58101e+07 -938684 -912240 1207085.289560 
1508
2.57157e+07 -397273 -357485 1348218.907287 
1509
2.57033e+07 208822 261226 1578221.303651 
1510
2.57514e+07 902413 968899 1937435.584937 
1511
2.58087e+07 1.70404e+06 1.78738e+06 2487005.394220 
1512
2.57937e+07 2.61686e+06 2.71491e+06 3325692.434576 
1513
2.56153e+07 3.57545e+06 3.68769e+06 4608656.783627 
1514
2.52349e+07 4.40641e+06 4.52906e+06 6434446.961170 
1515
2.46967e+07 4.90086e+06 5.02917e+06 8672254.874196 
1516
2.50338e+07 5.08789e+06 5.22341e+06 11269289.424935 
1517
9.77637e+07 -5.05686e+07 -4.01961e+07 47947048.620277 
1518
9.71003e+07 -4.65567e+07 -3.85562e+07 36102133.119917 
1519
9.87433e+07 -4.46967e+07 -3.91728e+07 22190809.299978 
1520
9.79212e+07 -3.92392e+07 -3.53536e+07 13368291.449536 
1521
9.43776e+07 -3.36753e+07 -3.08591e+07 9053087.050213 
1522
8.89115e+07 -2.90363e+07 -2.69728e+07 6498670.810077 
1523
8.30612e+07 -2.53445e+07 -2.38415e+07 4975178.650115 
1524
7.73581e+07 -2.23831e+07 -2.12852e+07 4021777.539816 
1525
7.2015e+07 -1.99279e+07 -1.91485e+07 3396107.829972 
1526
6.70846e+07 -1.78627e+07 -1.7314e+07 2965325.199668 
1527
6.25646e+07 -1.60629e+07 -1.57036e+07 2647789.199782 
1528
5.843e+07 -1.44919e+07 -1.42643e+07 2402678.559860 
1529
5.46553e+07 -1.30902e+07 -1.29624e+07 2201032.629677 
1530
5.12179e+07 -1.18409e+07 -1.1776e+07 2029556.759894 
1531
4.80871e+07 -1.06938e+07 -1.0688e+07 1873819.020164 
1532
4.5239e+07 -9.66245e+06 -9.68703e+06 1733776.736901 
1533
4.2661e+07 -8.70972e+06 -8.76678e+06 1601629.877992 
1534
4.03192e+07 -7.84865e+06 -7.9176e+06 1479789.170296 
1535
3.82027e+07 -7.05927e+06 -7.13551e+06 1365204.216184 
1536
3.62961e+07 -6.33498e+06 -6.41578e+06 1257575.739906 
1537
3.45779e+07 -5.67161e+06 -5.75265e+06 1157199.836881 
1538
3.30392e+07 -5.0664e+06 -5.1426e+06 1064747.844947 
1539
3.16656e+07 -4.51391e+06 -4.58074e+06 980723.429995 
1540
3.04429e+07 -3.99983e+06 -4.06206e+06 903638.353402 
1541
2.93644e+07 -3.53179e+06 -3.5822e+06 836631.280702 
1542
2.84203e+07 -3.09353e+06 -3.13568e+06 778324.182111 
1543
2.76045e+07 -2.68547e+06 -2.71692e+06 731310.811806 
1544
2.69083e+07 -2.29535e+06 -2.31907e+06 695655.646637 
1545
2.63311e+07 -1.92392e+06 -1.93498e+06 675381.418993 
1546
2.58713e+07 -1.55645e+06 -1.55554e+06 672790.013201 
1547
2.55298e+07 -1.18421e+06 -1.16949e+06 693134.030370 
1548
2.53091e+07 -787449 -762203 744108.792468 
1549
2.52136e+07 -354192 -314095 838587.046204 
1550
2.52439e+07 147369 201711 995916.799001 
1551
2.54016e+07 749753 821907 1252590.073712 
1552
2.56587e+07 1.50302e+06 1.59438e+06 1662653.791924 
1553
2.5931e+07 2.462e+06 2.57277e+06 2328604.147783 
1554
2.60043e+07 3.62553e+06 3.75892e+06 3405653.488128 
1555
2.57903e+07 4.84889e+06 4.99441e+06 5357359.224154 
1556
2.53343e+07 5.64048e+06 5.79535e+06 8244400.736157 
1557
2.58381e+07 5.99517e+06 6.16094e+06 11627746.727874 
1558
1.35313e+08 -6.10149e+07 -4.70297e+07 64269084.150022 
1559
1.28033e+08 -5.098e+07 -4.19768e+07 34901346.380005 
1560
1.26842e+08 -4.16426e+07 -3.63307e+07 14250425.350108 
1561
1.22255e+08 -3.26822e+07 -2.8995e+07 8887997.299767 
1562
1.12319e+08 -2.61012e+07 -2.35024e+07 5535961.879805 
1563
1.02666e+08 -2.16876e+07 -1.98604e+07 3773547.369953 
1564
9.39331e+07 -1.85343e+07 -1.72503e+07 2776436.600363 
1565
8.62058e+07 -1.61755e+07 -1.5275e+07 2194571.890329 
1566
7.93354e+07 -1.42839e+07 -1.36864e+07 1829875.680340 
1567
7.32094e+07 -1.2737e+07 -1.23526e+07 1590263.969725 
1568
6.77102e+07 -1.14156e+07 -1.11931e+07 1419479.699640 
1569
6.27591e+07 -1.02724e+07 -1.01618e+07 1290026.340328 
1570
5.82989e+07 -9.24933e+06 -9.23164e+06 1183100.677951 
1571
5.42634e+07 -8.34248e+06 -8.38247e+06 1092189.693946 
1572
5.06201e+07 -7.52538e+06 -7.6043e+06 1010878.109989 
1573
4.73269e+07 -6.78869e+06 -6.88821e+06 936600.368989 
1574
4.43509e+07 -6.11459e+06 -6.22828e+06 866632.144290 
1575
4.16694e+07 -5.50056e+06 -5.62077e+06 800805.529224 
1576
3.9252e+07 -4.94124e+06 -5.06113e+06 738880.007009 
1577
3.70764e+07 -4.43018e+06 -4.54604e+06 680536.883090 
1578
3.5126e+07 -3.96539e+06 -4.07276e+06 626179.987688 
1579
3.33831e+07 -3.53806e+06 -3.63827e+06 575349.090150 
1580
3.18262e+07 -3.14977e+06 -3.2388e+06 528945.506711 
1581
3.04444e+07 -2.79241e+06 -2.87148e+06 486693.029484 
1582
2.92245e+07 -2.4661e+06 -2.53287e+06 449602.470518 
1583
2.81521e+07 -2.16168e+06 -2.21894e+06 417192.408253 
1584
2.72209e+07 -1.88223e+06 -1.9259e+06 391070.892243 
1585
2.64239e+07 -1.61889e+06 -1.64917e+06 371209.373187 
1586
2.57536e+07 -1.365e+06 -1.38322e+06 359353.908547 
1587
2.5211e+07 -1.11723e+06 -1.12165e+06 357300.815624 
1588
2.47978e+07 -863881 -856052 367548.031243 
1589
2.45204e+07 -595554 -575173 395510.603246 
1590
2.43883e+07 -300196 -262981 448800.337971 
1591
2.44256e+07 48487.7 104351 540596.519175 
1592
2.4653e+07 487473 563798 694183.380041 
1593
2.51008e+07 1.07734e+06 1.17595e+06 952020.599855 
1594
2.5768e+07 1.9089e+06 2.0347e+06 1391057.394165 
1595
2.65339e+07 3.13953e+06 3.29816e+06 2168673.667665 
1596
2.65973e+07 4.78944e+06 4.97164e+06 3434611.879107 
1597
2.63804e+07 6.44427e+06 6.6359e+06 7090467.318185 
1598
2.75794e+07 7.21395e+06 7.42536e+06 12413892.294008 
1599
1.94198e+08 -7.77461e+07 -5.95917e+07 89473358.100257 
1600
1.68852e+08 -4.21451e+07 -3.56177e+07 11980375.129914 
1601
1.67205e+08 -2.8264e+07 -2.40347e+07 11227842.320206 
1602
1.44194e+08 -1.88246e+07 -1.58938e+07 5393138.129882 
1603
1.2699e+08 -1.43617e+07 -1.23467e+07 3056924.259644 
1604
1.13531e+08 -1.16242e+07 -1.02541e+07 1918727.659863 
1605
1.02537e+08 -9.83296e+06 -8.91434e+06 1349368.669246 
1606
9.32402e+07 -8.52562e+06 -7.94002e+06 1037766.317956 
1607
8.51843e+07 -7.51373e+06 -7.16844e+06 854053.251672 
1608
7.80953e+07 -6.6859e+06 -6.51668e+06 737130.294741 
1609
7.18008e+07 -5.98104e+06 -5.94289e+06 655708.572054 
1610
6.61687e+07 -5.37683e+06 -5.42361e+06 595425.703681 
1611
6.1116e+07 -4.83605e+06 -4.94699e+06 545972.787569 
1612
5.65728e+07 -4.35717e+06 -4.50599e+06 503981.563212 
1613
5.24822e+07 -3.92663e+06 -4.0964e+06 466379.402983 
1614
4.87995e+07 -3.53378e+06 -3.71586e+06 431455.966050 
1615
4.54838e+07 -3.1799e+06 -3.3625e+06 398956.193100 
1616
4.25057e+07 -2.85683e+06 -3.03534e+06 368177.086408 
1617
3.98256e+07 -2.56601e+06 -2.7325e+06 339517.544989 
1618
3.74283e+07 -2.29718e+06 -2.45355e+06 312199.723751 
1619
3.52774e+07 -2.05374e+06 -2.19645e+06 286730.324092 
1620
3.33581e+07 -1.83284e+06 -1.96027e+06 263071.743358 
1621
3.16493e+07 -1.63025e+06 -1.74342e+06 241257.328088 
1622
3.01302e+07 -1.44682e+06 -1.54416e+06 221508.586832 
1623
2.87873e+07 -1.2754e+06 -1.36084e+06 203769.188826 
1624
2.76066e+07 -1.12367e+06 -1.19153e+06 188785.938342 
1625
2.65734e+07 -978502 -1.03402e+06 176033.187376 
1626
2.56808e+07 -845596 -885994 166530.819820 
1627
2.49218e+07 -720762 -744655 160603.665100 
1628
2.42904e+07 -595112 -606482 158840.190717 
1629
2.37896e+07 -470570 -467163 163080.936493 
1630
2.34253e+07 -338081 -320588 175463.907017 
1631
2.32118e+07 -193652 -157953 200066.400077 
1632
2.31733e+07 -19031 34511.8 244066.498409 
1633
2.3359e+07 203924 279909 321261.422248 
1634
2.38501e+07 517991 619373 459382.390455 
1635
2.47843e+07 1.00262e+06 1.13824e+06 719389.524788 
1636
2.63661e+07 1.80798e+06 1.99013e+06 1222833.068673 
1637
2.87682e+07 3.4311e+06 3.68495e+06 2307754.200072 
1638
2.81778e+07 5.73251e+06 6.00251e+06 2887650.756258 
1639
3.12202e+07 9.19898e+06 9.50101e+06 14066174.603784 
1640
3.62632e+08 -1.09007e+08 -8.73218e+07 159908300.000115 
1641
2.55288e+08 -3.7088e+07 -3.26503e+07 20062849.139680 
1642
1.8694e+08 -1.28525e+07 -8.99459e+06 12100236.760062 
1643
1.5373e+08 -8.79561e+06 -6.29485e+06 4182180.369727 
1644
1.34913e+08 -6.34969e+06 -4.5711e+06 3169033.737151 
1645
1.20373e+08 -5.1304e+06 -3.91768e+06 2387331.639167 
1646
1.08525e+08 -4.30559e+06 -3.52525e+06 1971159.551814 
1647
9.84138e+07 -3.73016e+06 -3.25987e+06 1654623.548252 
1648
8.95963e+07 -3.27823e+06 -3.04118e+06 1402854.778036 
1649
8.18081e+07 -2.91812e+06 -2.84172e+06 1189260.015822 
1650
7.48799e+07 -2.60681e+06 -2.64978e+06 1003642.070356 
1651
6.86785e+07 -2.34185e+06 -2.46119e+06 841445.930022 
1652
6.3112e+07 -2.10546e+06 -2.27573e+06 697950.157150 
1653
5.81201e+07 -1.8937e+06 -2.09483e+06 570867.346331 
1654
5.36294e+07 -1.70587e+06 -1.91934e+06 458895.277987 
1655
4.96008e+07 -1.53774e+06 -1.75112e+06 359906.455090 
1656
4.59795e+07 -1.37849e+06 -1.59088e+06 272293.895893 
1657
4.27356e+07 -1.23881e+06 -1.43969e+06 195449.915026 
1658
3.98295e+07 -1.1102e+06 -1.29789e+06 127652.095688 
1659
3.7233e+07 -994776 -1.1658e+06 68207.521755 
1660
3.49132e+07 -890807 -1.0432e+06 15970.458108 
1661
3.28436e+07 -793868 -929823 -30101.884614 
1662
3.1004e+07 -707300 -825327 -70788.072152 
1663
2.9372e+07 -626936 -729101 -107003.851115 
1664
2.79248e+07 -552639 -640345 -139581.292458 
1665
2.66453e+07 -486216 -558260 -169192.002779 
1666
2.55232e+07 -427265 -482003 -196848.517481 
1667
2.45403e+07 -368617 -410397 -223040.993854 
1668
2.36884e+07 -315077 -342209 -248780.252299 
1669
2.29573e+07 -264612 -275886 -274637.474702 
1670
2.23453e+07 -210520 -209437 -301054.936490 
1671
2.18522e+07 -155385 -140216 -329252.663509 
1672
2.14849e+07 -95015.1 -64299.3 -359370.144788 
1673
2.12579e+07 -23300.1 24542.1 -391336.731062 
1674
2.12082e+07 69942.4 136737 -422684.577720 
1675
2.14019e+07 203342 293595 -448487.415312 
1676
2.19954e+07 412975 532582 -425799.524587 
1677
2.32976e+07 838117 1.00116e+06 -334444.074299 
1678
2.69523e+07 1.56878e+06 1.81502e+06 839089.983491 
1679
3.55647e+07 5.45081e+06 5.8972e+06 2392577.338539 
1680
5.01378e+07 1.36002e+07 1.43412e+07 22581749.399909 
